/*--------------------------------*- C++ -*----------------------------------*\
| =========                 |                                                 |
| \\      /  F ield         | OpenFOAM: The Open Source CFD Toolbox           |
|  \\    /   O peration     | Version:  2406                                  |
|   \\  /    A nd           | Website:  www.openfoam.com                      |
|    \\/     M anipulation  |                                                 |
\*---------------------------------------------------------------------------*/
FoamFile
{
    version     2.0;
    format      ascii;
    arch        "LSB;label=32;scalar=64";
    class       volScalarField;
    location    "0/neutroRegion";
    object      defaultFlux;
}
// * * * * * * * * * * * * * * * * * * * * * * * * * * * * * * * * * * * * * //

dimensions      [0 -2 -1 0 0 0 0];

internalField   uniform 1;

boundaryField
{
    front
    {
        type            wedge;
    }
    back
    {
        type            wedge;
    }
    bottomwall
    {
        type            albedoSP3;
        gamma           0.1;
        diffCoeffName   Dalbedo;
        fluxStarAlbedo  fluxStarAlbedo;
        forSecondMoment 0;
        value           nonuniform List<scalar> 
30
(
1.00055
1.00051
1.00049
1.00047
1.00045
1.00044
1.00042
1.00041
1.00039
1.00038
1.00036
1.00035
1.00034
1.00032
1.00031
1.0003
1.00029
1.00028
1.00026
1.00025
1.00024
1.00023
1.00022
1.00021
1.0002
1.0002
1.00019
1.00018
1.00017
1.00017
)
;
    }
    topwall
    {
        type            albedoSP3;
        gamma           0.1;
        diffCoeffName   Dalbedo;
        fluxStarAlbedo  fluxStarAlbedo;
        forSecondMoment 0;
        value           nonuniform List<scalar> 
30
(
1.00017
1.00017
1.00018
1.00019
1.0002
1.0002
1.00021
1.00022
1.00023
1.00024
1.00025
1.00026
1.00028
1.00029
1.0003
1.00031
1.00032
1.00034
1.00035
1.00036
1.00038
1.00039
1.00041
1.00042
1.00044
1.00045
1.00047
1.00049
1.00051
1.00055
)
;
    }
    reflector
    {
        type            albedoSP3;
        gamma           0.1;
        diffCoeffName   Dalbedo;
        fluxStarAlbedo  fluxStarAlbedo;
        forSecondMoment 0;
        value           nonuniform List<scalar> 
95
(
1.00075
1.00074
1.00073
1.00073
1.00072
1.00071
1.0007
1.0007
1.00069
1.00069
1.00068
1.00068
1.00068
1.00068
1.00067
1.00067
1.00067
1.00067
1.00067
1.00067
1.00067
1.00068
1.00068
1.00068
1.00068
1.00069
1.00069
1.0007
1.0007
1.00071
1.00072
1.00073
1.00073
1.00074
1.00075
1.00074
1.00071
1.00068
1.00066
1.00063
1.0006
1.00058
1.00055
1.00052
1.0005
1.00047
1.00045
1.00043
1.0004
1.00038
1.00036
1.00034
1.00031
1.00029
1.00027
1.00026
1.00024
1.00022
1.00021
1.00019
1.00018
1.00016
1.00015
1.00014
1.00013
1.00013
1.00014
1.00015
1.00016
1.00018
1.00019
1.00021
1.00022
1.00024
1.00026
1.00027
1.00029
1.00031
1.00034
1.00036
1.00038
1.0004
1.00043
1.00045
1.00047
1.0005
1.00052
1.00055
1.00058
1.0006
1.00063
1.00066
1.00068
1.00071
1.00074
)
;
    }
    hx
    {
        type            albedoSP3;
        gamma           0.5;
        diffCoeffName   Dalbedo;
        fluxStarAlbedo  fluxStarAlbedo;
        forSecondMoment 0;
        value           nonuniform List<scalar> 
276
(
1.0025
1.00746
1.0025
1.0025
1.0025
1.0025
1.0025
1.0025
1.0025
1.0025
1.0025
1.0025
1.0025
1.0025
1.0025
1.0025
1.0025
1.0025
1.0025
1.0025
1.0025
1.0025
1.0025
1.0025
1.0025
1.0025
1.0025
1.0025
1.0025
1.0025
1.0025
1.0025
1.0025
1.0025
1.0025
1.0025
1.0025
1.0025
1.0025
1.0025
1.0025
1.0025
1.0025
1.0025
1.0025
1.0025
1.0025
1.0025
1.0025
1.0025
1.0025
1.0025
1.0025
1.0025
1.0025
1.0025
1.0025
1.0025
1.00746
1.00746
1.00746
1.00746
1.00746
1.00746
1.00746
1.00746
1.00746
1.00746
1.00746
1.00746
1.00746
1.00746
1.00746
1.00746
1.00746
1.00746
1.00746
1.00746
1.00746
1.00746
1.00746
1.00746
1.00746
1.00746
1.00746
1.00746
1.00746
1.00203
1.00203
1.00203
1.00203
1.00203
1.00203
1.00203
1.00203
1.00203
1.00203
1.00203
1.00203
1.00203
1.00203
1.00203
1.00203
1.00203
1.00203
1.00203
1.00203
1.00203
1.00203
1.00203
1.00203
1.00203
1.00203
1.00203
1.00203
1.00203
1.00203
1.00203
1.00203
1.00203
1.00203
1.00203
1.00203
1.00203
1.00203
1.00203
1.00203
1.00203
1.00203
1.00203
1.00203
1.00203
1.00203
1.00203
1.00203
1.00203
1.00203
1.00203
1.00203
1.00203
1.00203
1.00203
1.00203
1.00746
1.00746
1.00746
1.00746
1.00746
1.00746
1.00746
1.00746
1.00746
1.00203
1.00746
1.00072
1.00072
1.00072
1.00072
1.00072
1.00072
1.00072
1.00072
1.00072
1.00072
1.00072
1.00081
1.00081
1.00081
1.00081
1.00081
1.00081
1.00081
1.00081
1.00081
1.00081
1.00081
1.00081
1.00072
1.00081
1.00072
1.00081
1.00072
1.00081
1.00072
1.00081
1.00072
1.00081
1.00072
1.00081
1.00072
1.00081
1.00072
1.00081
1.00072
1.00081
1.00072
1.00081
1.00072
1.00075
1.00075
1.00075
1.00075
1.00075
1.00075
1.00075
1.00075
1.00075
1.00075
1.00075
1.00075
1.00075
1.00075
1.00075
1.00084
1.00084
1.00084
1.00084
1.00084
1.00084
1.00084
1.00084
1.00084
1.00084
1.00084
1.00084
1.00084
1.00084
1.00084
1.00084
1.00075
1.00084
1.00075
1.00084
1.00075
1.00084
1.00075
1.00084
1.00075
1.00084
1.00075
1.00084
1.00075
1.00084
1.00075
1.00084
1.00075
1.00084
1.00075
1.00084
1.00075
1.00084
1.00075
1.00084
1.00075
1.00084
1.00075
1.00084
1.00075
1.00084
1.00075
1.00084
1.00075
1.00084
1.00075
1.00084
1.00075
1.00084
1.00075
1.00084
1.00075
1.00084
1.00075
1.00084
1.00075
1.00084
1.00075
)
;
    }
}


// ************************************************************************* //
