/*--------------------------------*- C++ -*----------------------------------*\
| =========                 |                                                 |
| \\      /  F ield         | OpenFOAM: The Open Source CFD Toolbox           |
|  \\    /   O peration     | Version:  2406                                  |
|   \\  /    A nd           | Website:  www.openfoam.com                      |
|    \\/     M anipulation  |                                                 |
\*---------------------------------------------------------------------------*/
FoamFile
{
    version     2.0;
    format      ascii;
    arch        "LSB;label=32;scalar=64";
    class       volScalarField;
    location    "0/neutroRegion";
    object      rhoCool;
}
// * * * * * * * * * * * * * * * * * * * * * * * * * * * * * * * * * * * * * //

dimensions      [1 -3 0 0 0 0 0];

internalField   nonuniform List<scalar> 
8595
(
3979.72
3979.73
3979.73
3979.77
3979.81
3979.87
3979.96
3980.08
3980.25
3980.44
3980.63
3980.84
3981.05
3981.28
3981.48
3981.7
3981.98
3982.42
3984.01
3985.25
3986.42
3987.53
3988.63
3989.72
3990.79
3991.86
3992.93
3993.98
3995.04
3996.09
3997.13
3998.17
3999.2
4000.22
4001.23
4002.24
4003.24
4004.22
4005.2
4006.18
4007.14
4008.1
4009.04
4009.98
4010.91
4011.84
4012.77
4013.68
4014.6
4015.51
4016.43
4017.36
4018.31
4019.31
4020.38
4020.36
4020.32
3979.69
3979.67
3979.64
3979.62
3979.62
3979.65
3979.73
3979.87
3980.06
3980.29
3980.53
3980.79
3981.04
3981.28
3981.52
3981.78
3982.11
3982.65
3984.13
3985.39
3986.54
3987.65
3988.73
3989.8
3990.86
3991.91
3992.95
3993.99
3995.02
3996.05
3997.07
3998.08
3999.09
4000.09
4001.08
4002.06
4003.04
4004.01
4004.96
4005.92
4006.86
4007.8
4008.72
4009.65
4010.56
4011.48
4012.39
4013.29
4014.19
4015.09
4016.01
4016.93
4017.89
4018.89
4019.99
4020.11
4020.2
3979.68
3979.63
3979.57
3979.52
3979.49
3979.48
3979.54
3979.69
3979.92
3980.19
3980.49
3980.77
3981.05
3981.32
3981.59
3981.89
3982.28
3982.89
3984.32
3985.58
3986.74
3987.84
3988.92
3989.98
3991.03
3992.07
3993.11
3994.14
3995.16
3996.18
3997.18
3998.19
3999.19
4000.17
4001.15
4002.12
4003.09
4004.05
4005
4005.94
4006.88
4007.8
4008.72
4009.63
4010.54
4011.44
4012.34
4013.23
4014.12
4015.01
4015.91
4016.82
4017.75
4018.72
4019.8
4019.94
4020.1
3979.67
3979.6
3979.52
3979.43
3979.35
3979.31
3979.37
3979.54
3979.82
3980.13
3980.46
3980.79
3981.1
3981.4
3981.71
3982.06
3982.51
3983.2
3984.61
3985.86
3987.01
3988.11
3989.17
3990.23
3991.28
3992.31
3993.34
3994.36
3995.38
3996.39
3997.39
3998.39
3999.38
4000.36
4001.34
4002.31
4003.26
4004.22
4005.16
4006.1
4007.03
4007.96
4008.87
4009.78
4010.68
4011.58
4012.46
4013.35
4014.24
4015.11
4015.99
4016.88
4017.79
4018.73
4019.74
4019.85
4020.04
3979.66
3979.59
3979.47
3979.35
3979.23
3979.16
3979.23
3979.44
3979.75
3980.11
3980.5
3980.87
3981.23
3981.57
3981.92
3982.32
3982.83
3983.6
3985.01
3986.25
3987.38
3988.46
3989.53
3990.57
3991.6
3992.63
3993.65
3994.67
3995.67
3996.68
3997.68
3998.67
3999.66
4000.63
4001.6
4002.57
4003.53
4004.48
4005.42
4006.35
4007.28
4008.2
4009.11
4010.01
4010.91
4011.8
4012.68
4013.57
4014.44
4015.31
4016.18
4017.05
4017.92
4018.83
4019.78
4019.83
4019.99
3979.65
3979.57
3979.42
3979.26
3979.08
3979.01
3979.12
3979.38
3979.76
3980.19
3980.64
3981.07
3981.47
3981.86
3982.26
3982.7
3983.28
3984.14
3985.53
3986.76
3987.88
3988.94
3989.98
3991.01
3992.03
3993.04
3994.06
3995.06
3996.06
3997.06
3998.06
3999.04
4000.02
4000.99
4001.96
4002.92
4003.87
4004.82
4005.75
4006.69
4007.61
4008.53
4009.43
4010.33
4011.22
4012.12
4012.99
4013.86
4014.73
4015.59
4016.44
4017.29
4018.14
4019
4019.89
4019.85
4019.96
3979.63
3979.52
3979.33
3979.09
3978.88
3978.86
3979.05
3979.42
3979.91
3980.44
3980.96
3981.46
3981.91
3982.34
3982.77
3983.27
3983.89
3984.82
3986.2
3987.41
3988.5
3989.54
3990.57
3991.57
3992.58
3993.58
3994.58
3995.57
3996.56
3997.55
3998.54
3999.52
4000.49
4001.46
4002.41
4003.37
4004.32
4005.26
4006.19
4007.12
4008.04
4008.95
4009.85
4010.75
4011.64
4012.52
4013.39
4014.25
4015.11
4015.95
4016.78
4017.61
4018.43
4019.24
4020.06
4019.91
4019.96
3979.5
3979.36
3979.07
3978.73
3978.59
3978.73
3979.11
3979.66
3980.3
3980.96
3981.57
3982.14
3982.65
3983.1
3983.55
3984.07
3984.73
3985.69
3987.05
3988.22
3989.28
3990.3
3991.3
3992.29
3993.27
3994.25
3995.24
3996.22
3997.2
3998.17
3999.15
4000.11
4001.08
4002.04
4002.99
4003.94
4004.88
4005.81
4006.74
4007.66
4008.58
4009.48
4010.38
4011.27
4012.15
4013.02
4013.89
4014.74
4015.58
4016.41
4017.22
4018.01
4018.79
4019.55
4020.29
4020.02
4019.97
3978.87
3978.71
3978.21
3978.07
3978.27
3978.77
3979.46
3980.28
3981.13
3981.94
3982.66
3983.29
3983.81
3984.27
3984.72
3985.22
3985.86
3986.78
3988.1
3989.21
3990.24
3991.22
3992.2
3993.16
3994.12
3995.09
3996.04
3997.01
3997.97
3998.93
3999.9
4000.85
4001.81
4002.76
4003.7
4004.64
4005.57
4006.51
4007.42
4008.34
4009.24
4010.14
4011.03
4011.92
4012.79
4013.65
4014.51
4015.35
4016.17
4016.98
4017.77
4018.53
4019.25
4019.94
4020.59
4020.16
4019.99
3976.57
3976.57
3976.94
3977.56
3978.39
3979.39
3980.48
3981.59
3982.65
3983.59
3984.39
3985.04
3985.55
3985.97
3986.35
3986.78
3987.31
3988.11
3989.34
3990.38
3991.37
3992.34
3993.28
3994.21
3995.14
3996.08
3997.02
3997.96
3998.9
3999.85
4000.79
4001.74
4002.68
4003.62
4004.55
4005.48
4006.41
4007.32
4008.24
4009.15
4010.04
4010.94
4011.81
4012.68
4013.55
4014.41
4015.25
4016.08
4016.88
4017.67
4018.42
4019.14
4019.8
4020.42
4020.97
4020.35
4020.04
4047.64
4047.91
4048.14
4048.34
4048.52
4048.69
4048.85
4049
4049.16
4049.3
4046.28
4046.81
4047.24
4047.61
4047.94
4048.23
4048.51
4048.79
4049.08
4049.37
4045
4045.79
4046.44
4046.98
4047.43
4047.82
4048.19
4048.55
4048.97
4049.41
4043.92
4044.78
4045.49
4046.08
4046.57
4046.99
4047.36
4047.73
4048.17
4048.67
4043.03
4043.92
4044.67
4045.3
4045.82
4046.25
4046.63
4047.01
4047.46
4047.99
4042.22
4043.14
4043.92
4044.57
4045.11
4045.56
4045.95
4046.34
4046.79
4047.33
4041.48
4042.42
4043.21
4043.88
4044.44
4044.89
4045.29
4045.68
4046.14
4046.69
4040.77
4041.72
4042.53
4043.21
4043.78
4044.25
4044.65
4045.04
4045.5
4046.05
4040.07
4041.05
4041.86
4042.56
4043.13
4043.61
4044.01
4044.41
4044.86
4045.41
4039.4
4040.37
4041.2
4041.91
4042.48
4042.97
4043.38
4043.77
4044.23
4044.77
4038.72
4039.71
4040.54
4041.25
4041.84
4042.33
4042.74
4043.14
4043.59
4044.13
4038.05
4039.04
4039.88
4040.6
4041.2
4041.68
4042.1
4042.5
4042.94
4043.48
4037.38
4038.38
4039.22
4039.94
4040.54
4041.04
4041.46
4041.86
4042.29
4042.83
4036.69
4037.7
4038.56
4039.28
4039.89
4040.39
4040.81
4041.2
4041.65
4042.17
4036.01
4037.02
4037.89
4038.62
4039.23
4039.74
4040.17
4040.55
4040.99
4041.51
4035.32
4036.34
4037.21
4037.95
4038.56
4039.08
4039.51
4039.9
4040.33
4040.85
4034.63
4035.65
4036.54
4037.28
4037.9
4038.42
4038.85
4039.24
4039.67
4040.17
4033.93
4034.96
4035.85
4036.6
4037.23
4037.74
4038.18
4038.57
4039
4039.51
4033.22
4034.26
4035.16
4035.92
4036.55
4037.07
4037.51
4037.9
4038.33
4038.82
4032.51
4033.56
4034.46
4035.22
4035.87
4036.4
4036.83
4037.24
4037.65
4038.14
4031.8
4032.85
4033.76
4034.53
4035.17
4035.71
4036.16
4036.55
4036.97
4037.45
4031.08
4032.14
4033.05
4033.83
4034.48
4035.02
4035.47
4035.88
4036.28
4036.76
4030.36
4031.42
4032.34
4033.13
4033.79
4034.32
4034.78
4035.18
4035.59
4036.06
4029.63
4030.69
4031.62
4032.42
4033.09
4033.63
4034.08
4034.49
4034.89
4035.36
4028.9
4029.97
4030.9
4031.7
4032.38
4032.93
4033.39
4033.8
4034.2
4034.65
4028.16
4029.23
4030.17
4030.98
4031.66
4032.22
4032.69
4033.1
4033.49
4033.94
4027.43
4028.5
4029.45
4030.27
4030.94
4031.51
4031.98
4032.39
4032.78
4033.23
4026.69
4027.77
4028.71
4029.53
4030.22
4030.79
4031.26
4031.68
4032.07
4032.5
4025.96
4027.03
4027.98
4028.8
4029.5
4030.08
4030.55
4030.96
4031.35
4031.78
4025.22
4026.3
4027.25
4028.07
4028.77
4029.35
4029.83
4030.24
4030.63
4031.04
4024.5
4025.57
4026.52
4027.34
4028.04
4028.62
4029.1
4029.51
4029.89
4030.31
4023.79
4024.85
4025.79
4026.6
4027.3
4027.88
4028.37
4028.77
4029.15
4029.56
4023.09
4024.14
4025.06
4025.88
4026.57
4027.15
4027.63
4028.03
4028.41
4028.8
4022.41
4023.44
4024.35
4025.15
4025.83
4026.4
4026.87
4027.28
4027.64
4028.02
4021.77
4022.77
4023.65
4024.42
4025.09
4025.65
4026.12
4026.51
4026.87
4027.22
4021.17
4022.13
4022.98
4023.72
4024.36
4024.89
4025.35
4025.72
4026.06
4026.4
4020.65
4021.55
4022.34
4023.03
4023.62
4024.13
4024.55
4024.9
4025.22
4025.53
4020.2
4021.03
4021.73
4022.36
4022.89
4023.34
4023.72
4024.04
4024.32
4024.59
4019.85
4020.57
4021.19
4021.72
4022.16
4022.52
4022.82
4023.07
4023.29
4023.53
4019.71
4020.3
4020.78
4021.16
4021.45
4021.69
4021.85
4021.97
4022.04
4022.05
4021.6
4021.95
4022.18
4022.33
4022.41
4022.44
4022.45
4022.45
4022.45
4022.44
4023.15
4023.3
4023.36
4023.35
4023.29
4023.22
4023.14
4023.03
4022.9
4022.72
4024.16
4024.17
4024.1
4024
4023.87
4023.71
4023.54
4023.37
4023.19
4022.96
4024.73
4024.63
4024.5
4024.33
4024.16
4023.96
4023.77
4023.58
4023.38
4023.13
4024.99
4024.84
4024.66
4024.47
4024.28
4024.09
4023.9
4023.71
4023.52
4023.27
4025.09
4024.89
4024.7
4024.51
4024.33
4024.15
4023.98
4023.81
4023.62
4023.38
4025.09
4024.87
4024.67
4024.5
4024.33
4024.18
4024.02
4023.86
4023.7
4023.48
4025.08
4024.84
4024.65
4024.48
4024.33
4024.18
4024.04
4023.91
4023.76
4023.57
4025.05
4024.8
4024.61
4024.46
4024.32
4024.18
4024.06
4023.95
4023.81
4023.64
4025.02
4024.76
4024.57
4024.42
4024.3
4024.18
4024.07
4023.96
4023.85
4023.71
4024.97
4024.7
4024.52
4024.38
4024.27
4024.17
4024.08
4023.98
4023.88
4023.76
4024.89
4024.62
4024.45
4024.33
4024.23
4024.14
4024.07
4023.99
4023.9
4023.8
4024.8
4024.52
4024.37
4024.26
4024.18
4024.11
4024.05
4023.99
4023.92
4023.84
4024.68
4024.39
4024.26
4024.18
4024.12
4024.07
4024.03
4023.98
4023.93
4023.86
4024.56
4024.26
4024.15
4024.09
4024.06
4024.03
4024
4023.96
4023.92
4023.88
4024.49
4024.14
4024.04
4024.01
4024
4023.98
4023.95
4023.94
4023.91
4023.89
4024.75
4024.14
4023.99
4023.95
4023.95
4023.94
4023.93
4023.92
4023.91
4023.9
4031.29
4031.5
4031.63
4031.7
4031.77
4031.81
4031.85
4031.87
4031.9
4031.92
4031.96
4030.83
4031.14
4031.32
4031.44
4031.52
4031.58
4031.62
4031.64
4031.67
4031.68
4031.68
4030.31
4030.7
4030.93
4031.08
4031.18
4031.25
4031.3
4031.33
4031.35
4031.35
4031.36
4029.66
4030.16
4030.45
4030.64
4030.76
4030.85
4030.91
4030.95
4030.97
4030.97
4030.97
4028.86
4029.48
4029.87
4030.11
4030.27
4030.39
4030.46
4030.5
4030.53
4030.53
4030.51
4027.95
4028.71
4029.2
4029.51
4029.72
4029.86
4029.95
4030.01
4030.03
4030.02
4029.97
4026.9
4027.82
4028.43
4028.82
4029.08
4029.25
4029.37
4029.42
4029.44
4029.41
4029.33
4025.69
4026.78
4027.52
4028
4028.33
4028.54
4028.67
4028.74
4028.75
4028.7
4028.58
4024.33
4025.57
4026.45
4027.05
4027.44
4027.7
4027.86
4027.92
4027.92
4027.86
4027.7
4022.81
4024.19
4025.21
4025.91
4026.39
4026.7
4026.88
4026.97
4026.95
4026.86
4026.66
4021.09
4022.58
4023.73
4024.54
4025.1
4025.46
4025.68
4025.77
4025.74
4025.62
4025.39
4019.09
4020.65
4021.9
4022.8
4023.44
4023.86
4024.12
4024.22
4024.18
4024.04
4023.77
4016.67
4018.29
4019.61
4020.59
4021.28
4021.76
4022.04
4022.16
4022.12
4021.97
4021.69
4013.74
4015.41
4016.79
4017.84
4018.61
4019.14
4019.46
4019.61
4019.61
4019.47
4019.18
4010.54
4012.23
4013.67
4014.78
4015.61
4016.2
4016.59
4016.78
4016.81
4016.69
4016.41
4007.26
4008.95
4010.41
4011.56
4012.45
4013.09
4013.52
4013.77
4013.83
4013.74
4013.49
4003.95
4005.59
4007.05
4008.22
4009.14
4009.81
4010.28
4010.57
4010.67
4010.62
4010.42
4000.62
4002.2
4003.63
4004.79
4005.71
4006.4
4006.89
4007.21
4007.35
4007.32
4007.16
3997.31
3998.8
4000.17
4001.29
4002.18
4002.87
4003.36
4003.68
4003.85
4003.86
4003.72
3994.02
3995.42
3996.7
3997.75
3998.6
3999.25
3999.72
4000.05
4000.22
4000.24
4000.11
3990.79
3992.07
3993.25
3994.21
3994.99
3995.58
3996.02
3996.32
3996.47
3996.49
3996.37
3987.63
3988.78
3989.84
3990.71
3991.39
3991.91
3992.29
3992.54
3992.67
3992.66
3992.54
3984.56
3985.59
3986.52
3987.26
3987.84
3988.26
3988.57
3988.76
3988.84
3988.82
3988.68
3981.69
3982.61
3983.43
3984.07
3984.54
3984.89
3985.12
3985.25
3985.29
3985.24
3985.07
3979.22
3980.07
3980.79
3981.34
3981.75
3982.02
3982.19
3982.28
3982.28
3982.18
3981.99
3977.11
3977.89
3978.55
3979.02
3979.35
3979.58
3979.69
3979.73
3979.68
3979.55
3979.35
3975.21
3975.95
3976.53
3976.95
3977.22
3977.38
3977.46
3977.44
3977.36
3977.2
3976.97
3973.4
3974.08
3974.6
3974.96
3975.17
3975.29
3975.31
3975.26
3975.14
3974.96
3974.71
3971.57
3972.21
3972.67
3972.97
3973.13
3973.19
3973.18
3973.08
3972.94
3972.72
3972.46
3969.68
3970.29
3970.7
3970.93
3971.05
3971.07
3971.01
3970.89
3970.71
3970.48
3970.19
3967.66
3968.24
3968.6
3968.8
3968.88
3968.86
3968.77
3968.61
3968.41
3968.17
3967.87
3965.47
3965.99
3966.3
3966.45
3966.49
3966.44
3966.34
3966.16
3965.95
3965.68
3965.38
3963.04
3963.41
3963.61
3963.7
3963.69
3963.61
3963.47
3963.29
3963.07
3962.8
3962.5
3960.42
3960.47
3960.45
3960.37
3960.25
3960.08
3959.88
3959.66
3959.41
3959.13
3958.84
3958.22
3957.96
3957.7
3957.43
3957.14
3956.84
3956.53
3956.21
3955.88
3955.55
3955.2
4020.06
4020.11
4020.18
4020.27
4020.41
4020.58
4020.79
4021.05
4021.36
4021.77
4022.31
4023.06
4024.06
4025.2
4026.45
4027.82
4029.24
4030.73
4032.25
4033.9
4036.25
4038.08
4039.77
4041.3
4042.53
4043.52
4044.33
4045.03
4045.64
4046.17
4046.61
4046.97
4047.27
4047.45
4047.57
4020.42
4020.55
4020.73
4020.93
4021.19
4021.49
4021.83
4022.24
4022.69
4023.24
4023.91
4024.78
4025.83
4026.95
4028.11
4029.31
4030.52
4031.74
4032.97
4034.31
4035.92
4037.28
4038.58
4039.8
4040.83
4041.72
4042.49
4043.19
4043.82
4044.39
4044.89
4045.33
4045.7
4045.96
4046.14
4021.12
4021.39
4021.73
4022.12
4022.56
4023.04
4023.55
4024.09
4024.66
4025.28
4025.99
4026.82
4027.74
4028.68
4029.62
4030.57
4031.53
4032.49
4033.47
4034.45
4035.52
4036.52
4037.45
4038.29
4039.04
4039.73
4040.37
4041
4041.63
4042.24
4042.86
4043.45
4044.03
4044.47
4044.78
4020.63
4021
4021.42
4021.88
4022.37
4022.88
4023.41
4023.95
4024.52
4025.12
4025.79
4026.56
4027.44
4028.33
4029.23
4030.14
4031.06
4031.98
4032.92
4033.87
4034.89
4035.84
4036.72
4037.51
4038.19
4038.81
4039.39
4039.96
4040.52
4041.08
4041.64
4042.2
4042.77
4043.24
4043.61
4020.07
4020.5
4020.98
4021.47
4021.98
4022.52
4023.05
4023.61
4024.16
4024.75
4025.41
4026.16
4027.01
4027.87
4028.76
4029.64
4030.53
4031.43
4032.34
4033.24
4034.2
4035.12
4035.98
4036.73
4037.38
4037.97
4038.52
4039.07
4039.61
4040.15
4040.68
4041.21
4041.76
4042.24
4042.64
4019.47
4019.93
4020.42
4020.94
4021.47
4022.02
4022.57
4023.12
4023.67
4024.26
4024.9
4025.65
4026.48
4027.34
4028.19
4029.07
4029.94
4030.83
4031.71
4032.61
4033.52
4034.41
4035.26
4035.99
4036.63
4037.2
4037.73
4038.27
4038.8
4039.32
4039.85
4040.37
4040.87
4041.33
4041.75
4018.81
4019.28
4019.8
4020.32
4020.87
4021.42
4021.97
4022.53
4023.09
4023.67
4024.31
4025.04
4025.88
4026.73
4027.58
4028.44
4029.31
4030.18
4031.06
4031.94
4032.82
4033.71
4034.55
4035.27
4035.89
4036.45
4036.99
4037.51
4038.04
4038.56
4039.08
4039.6
4040.09
4040.52
4040.92
4018.1
4018.57
4019.09
4019.63
4020.19
4020.75
4021.31
4021.87
4022.43
4023.01
4023.66
4024.38
4025.22
4026.07
4026.92
4027.78
4028.65
4029.51
4030.39
4031.26
4032.14
4033.01
4033.84
4034.56
4035.18
4035.74
4036.26
4036.79
4037.31
4037.84
4038.36
4038.88
4039.36
4039.77
4040.15
4017.36
4017.82
4018.35
4018.91
4019.47
4020.04
4020.6
4021.16
4021.73
4022.31
4022.95
4023.68
4024.52
4025.37
4026.23
4027.09
4027.96
4028.82
4029.69
4030.57
4031.44
4032.31
4033.14
4033.85
4034.47
4035.03
4035.55
4036.08
4036.6
4037.13
4037.65
4038.18
4038.66
4039.06
4039.41
4016.59
4017.04
4017.58
4018.14
4018.71
4019.28
4019.85
4020.41
4020.98
4021.57
4022.21
4022.96
4023.79
4024.65
4025.51
4026.37
4027.24
4028.1
4028.98
4029.86
4030.74
4031.6
4032.43
4033.14
4033.76
4034.32
4034.85
4035.38
4035.91
4036.43
4036.96
4037.48
4037.96
4038.36
4038.7
4015.79
4016.24
4016.78
4017.35
4017.92
4018.5
4019.07
4019.65
4020.22
4020.81
4021.45
4022.2
4023.04
4023.9
4024.77
4025.64
4026.5
4027.38
4028.26
4029.13
4030.02
4030.89
4031.72
4032.43
4033.05
4033.61
4034.14
4034.68
4035.21
4035.74
4036.26
4036.79
4037.28
4037.67
4038
4014.97
4015.41
4015.96
4016.53
4017.11
4017.7
4018.28
4018.86
4019.43
4020.03
4020.68
4021.42
4022.27
4023.15
4024.01
4024.89
4025.76
4026.64
4027.52
4028.41
4029.29
4030.17
4031
4031.72
4032.34
4032.91
4033.44
4033.97
4034.51
4035.04
4035.57
4036.11
4036.59
4036.99
4037.32
4014.14
4014.57
4015.13
4015.7
4016.29
4016.88
4017.47
4018.05
4018.63
4019.23
4019.89
4020.64
4021.49
4022.37
4023.24
4024.12
4025
4025.88
4026.78
4027.67
4028.56
4029.44
4030.27
4031
4031.63
4032.19
4032.73
4033.27
4033.8
4034.34
4034.88
4035.41
4035.9
4036.3
4036.63
4013.29
4013.72
4014.28
4014.86
4015.46
4016.05
4016.64
4017.23
4017.82
4018.42
4019.08
4019.84
4020.7
4021.58
4022.47
4023.35
4024.23
4025.13
4026.02
4026.92
4027.82
4028.7
4029.54
4030.27
4030.9
4031.47
4032.01
4032.55
4033.1
4033.63
4034.18
4034.71
4035.21
4035.61
4035.94
4012.42
4012.86
4013.42
4014.01
4014.61
4015.22
4015.81
4016.4
4016.99
4017.59
4018.26
4019.02
4019.89
4020.79
4021.68
4022.57
4023.46
4024.35
4025.26
4026.16
4027.06
4027.96
4028.8
4029.54
4030.17
4030.74
4031.3
4031.84
4032.39
4032.92
4033.47
4034.01
4034.51
4034.91
4035.25
4011.55
4011.98
4012.56
4013.15
4013.76
4014.37
4014.96
4015.56
4016.15
4016.77
4017.44
4018.2
4019.08
4019.98
4020.88
4021.77
4022.67
4023.57
4024.48
4025.39
4026.31
4027.2
4028.05
4028.8
4029.44
4030.02
4030.56
4031.11
4031.66
4032.21
4032.76
4033.3
4033.8
4034.21
4034.55
4010.66
4011.1
4011.69
4012.29
4012.9
4013.51
4014.11
4014.71
4015.31
4015.93
4016.6
4017.38
4018.25
4019.16
4020.07
4020.97
4021.88
4022.79
4023.71
4024.62
4025.54
4026.45
4027.3
4028.05
4028.7
4029.28
4029.83
4030.38
4030.94
4031.49
4032.04
4032.59
4033.1
4033.51
4033.85
4009.77
4010.22
4010.8
4011.41
4012.02
4012.64
4013.25
4013.86
4014.46
4015.08
4015.76
4016.54
4017.43
4018.34
4019.25
4020.16
4021.07
4021.99
4022.91
4023.84
4024.76
4025.68
4026.54
4027.3
4027.95
4028.53
4029.09
4029.65
4030.21
4030.76
4031.32
4031.87
4032.38
4032.79
4033.14
4008.87
4009.32
4009.91
4010.53
4011.15
4011.77
4012.38
4012.99
4013.6
4014.23
4014.91
4015.7
4016.59
4017.51
4018.43
4019.35
4020.27
4021.19
4022.12
4023.05
4023.99
4024.91
4025.78
4026.54
4027.2
4027.78
4028.34
4028.91
4029.47
4030.03
4030.59
4031.15
4031.66
4032.07
4032.42
4007.97
4008.42
4009.02
4009.64
4010.27
4010.89
4011.5
4012.12
4012.73
4013.36
4014.05
4014.85
4015.75
4016.68
4017.6
4018.53
4019.45
4020.39
4021.32
4022.26
4023.2
4024.14
4025.01
4025.78
4026.43
4027.03
4027.59
4028.16
4028.73
4029.29
4029.85
4030.41
4030.93
4031.35
4031.7
4007.05
4007.51
4008.11
4008.74
4009.38
4010
4010.63
4011.24
4011.86
4012.49
4013.2
4014
4014.9
4015.84
4016.77
4017.7
4018.63
4019.57
4020.52
4021.46
4022.41
4023.35
4024.23
4025
4025.67
4026.26
4026.84
4027.41
4027.98
4028.55
4029.12
4029.68
4030.2
4030.62
4030.97
4006.13
4006.6
4007.21
4007.84
4008.48
4009.11
4009.74
4010.37
4010.99
4011.63
4012.33
4013.14
4014.05
4014.99
4015.93
4016.87
4017.81
4018.76
4019.71
4020.66
4021.62
4022.57
4023.46
4024.23
4024.89
4025.5
4026.08
4026.65
4027.23
4027.81
4028.38
4028.95
4029.46
4029.89
4030.24
4005.2
4005.68
4006.3
4006.94
4007.58
4008.22
4008.85
4009.48
4010.1
4010.75
4011.46
4012.27
4013.2
4014.14
4015.09
4016.03
4016.98
4017.94
4018.9
4019.86
4020.82
4021.78
4022.68
4023.45
4024.13
4024.73
4025.32
4025.89
4026.48
4027.06
4027.63
4028.19
4028.71
4029.14
4029.51
4004.27
4004.76
4005.38
4006.03
4006.68
4007.32
4007.96
4008.59
4009.22
4009.87
4010.59
4011.41
4012.33
4013.29
4014.24
4015.19
4016.15
4017.11
4018.08
4019.05
4020.02
4020.98
4021.88
4022.67
4023.34
4023.96
4024.55
4025.13
4025.72
4026.3
4026.87
4027.45
4027.97
4028.4
4028.76
4003.34
4003.83
4004.47
4005.12
4005.77
4006.42
4007.07
4007.7
4008.34
4008.99
4009.71
4010.54
4011.47
4012.44
4013.39
4014.35
4015.32
4016.29
4017.26
4018.24
4019.22
4020.18
4021.1
4021.88
4022.57
4023.19
4023.78
4024.37
4024.95
4025.54
4026.12
4026.7
4027.22
4027.65
4028.02
4002.4
4002.91
4003.55
4004.21
4004.86
4005.52
4006.17
4006.81
4007.45
4008.11
4008.84
4009.66
4010.61
4011.58
4012.54
4013.51
4014.48
4015.46
4016.45
4017.43
4018.42
4019.39
4020.31
4021.1
4021.78
4022.41
4023.01
4023.6
4024.19
4024.79
4025.36
4025.95
4026.47
4026.9
4027.28
4001.46
4001.98
4002.63
4003.3
4003.96
4004.62
4005.28
4005.92
4006.56
4007.23
4007.97
4008.8
4009.75
4010.72
4011.69
4012.68
4013.65
4014.64
4015.63
4016.62
4017.61
4018.6
4019.52
4020.32
4021.01
4021.64
4022.24
4022.83
4023.43
4024.03
4024.61
4025.19
4025.72
4026.15
4026.53
4000.52
4001.05
4001.71
4002.39
4003.06
4003.72
4004.38
4005.03
4005.68
4006.35
4007.09
4007.93
4008.89
4009.87
4010.85
4011.83
4012.82
4013.81
4014.81
4015.81
4016.82
4017.81
4018.74
4019.54
4020.23
4020.87
4021.47
4022.07
4022.68
4023.27
4023.86
4024.44
4024.96
4025.4
4025.78
3999.59
4000.14
4000.8
4001.48
4002.16
4002.83
4003.49
4004.15
4004.8
4005.47
4006.22
4007.07
4008.04
4009.03
4010.01
4011.01
4012
4013.01
4014.01
4015.02
4016.03
4017.02
4017.96
4018.76
4019.47
4020.1
4020.71
4021.31
4021.92
4022.52
4023.11
4023.7
4024.22
4024.66
4025.03
3998.66
3999.21
3999.9
4000.58
4001.27
4001.94
4002.61
4003.27
4003.93
4004.62
4005.36
4006.22
4007.19
4008.19
4009.19
4010.18
4011.19
4012.2
4013.21
4014.23
4015.25
4016.26
4017.2
4018.01
4018.71
4019.35
4019.96
4020.57
4021.17
4021.78
4022.37
4022.96
4023.48
4023.91
4024.29
3997.74
3998.3
3998.99
3999.69
4000.38
4001.07
4001.74
4002.41
4003.07
4003.76
4004.51
4005.38
4006.36
4007.36
4008.37
4009.38
4010.39
4011.41
4012.44
4013.46
4014.48
4015.5
4016.45
4017.26
4017.96
4018.61
4019.23
4019.84
4020.45
4021.05
4021.64
4022.23
4022.74
4023.18
4023.56
3996.82
3997.41
3998.1
3998.81
3999.51
4000.19
4000.88
4001.56
4002.22
4002.92
4003.68
4004.55
4005.54
4006.55
4007.57
4008.59
4009.62
4010.65
4011.68
4012.71
4013.75
4014.77
4015.73
4016.54
4017.25
4017.89
4018.51
4019.13
4019.73
4020.34
4020.93
4021.52
4022.02
4022.46
4022.84
3995.91
3996.51
3997.22
3997.93
3998.64
3999.34
4000.04
4000.71
4001.39
4002.09
4002.86
4003.74
4004.74
4005.77
4006.8
4007.83
4008.86
4009.91
4010.95
4012
4013.04
4014.07
4015.04
4015.85
4016.56
4017.21
4017.82
4018.44
4019.05
4019.66
4020.25
4020.83
4021.34
4021.76
4022.14
3995.02
3995.62
3996.35
3997.08
3997.79
3998.5
3999.2
3999.89
4000.57
4001.28
4002.06
4002.95
4003.96
4005.01
4006.06
4007.11
4008.16
4009.21
4010.27
4011.32
4012.37
4013.42
4014.38
4015.21
4015.92
4016.56
4017.19
4017.8
4018.41
4019.01
4019.61
4020.18
4020.68
4021.09
4021.46
3994.14
3994.75
3995.48
3996.23
3996.96
3997.68
3998.39
3999.09
3999.78
4000.5
4001.29
4002.2
4003.23
4004.29
4005.35
4006.42
4007.49
4008.56
4009.63
4010.7
4011.77
4012.82
4013.8
4014.62
4015.34
4015.98
4016.6
4017.22
4017.82
4018.42
4019
4019.57
4020.06
4020.47
4020.84
3993.26
3993.87
3994.63
3995.38
3996.13
3996.87
3997.6
3998.3
3999.01
3999.74
4000.55
4001.47
4002.52
4003.61
4004.7
4005.79
4006.88
4007.97
4009.07
4010.16
4011.24
4012.3
4013.29
4014.12
4014.84
4015.48
4016.1
4016.71
4017.31
4017.91
4018.48
4019.04
4019.51
4019.9
4020.26
3992.36
3992.98
3993.76
3994.53
3995.3
3996.06
3996.81
3997.55
3998.27
3999.01
3999.84
4000.79
4001.87
4002.99
4004.11
4005.23
4006.36
4007.48
4008.59
4009.71
4010.8
4011.88
4012.88
4013.72
4014.44
4015.09
4015.7
4016.31
4016.91
4017.49
4018.05
4018.59
4019.05
4019.42
4019.76
3991.45
3992.09
3992.88
3993.67
3994.47
3995.26
3996.04
3996.8
3997.55
3998.32
3999.17
4000.15
4001.27
4002.43
4003.6
4004.76
4005.93
4007.08
4008.24
4009.38
4010.51
4011.61
4012.62
4013.46
4014.19
4014.83
4015.45
4016.05
4016.63
4017.2
4017.74
4018.26
4018.7
4019.05
4019.38
3990.47
3991.13
3991.95
3992.79
3993.62
3994.45
3995.29
3996.07
3996.85
3997.65
3998.54
3999.57
4000.75
4001.98
4003.21
4004.43
4005.66
4006.87
4008.06
4009.25
4010.42
4011.55
4012.59
4013.46
4014.19
4014.83
4015.43
4016.02
4016.57
4017.11
4017.63
4018.1
4018.5
4018.82
4019.1
3989.33
3990.05
3990.96
3991.87
3992.77
3993.66
3994.53
3995.38
3996.21
3997.07
3998.02
3999.11
4000.36
4001.66
4002.97
4004.26
4005.55
4006.83
4008.09
4009.33
4010.55
4011.72
4012.78
4013.66
4014.4
4015.04
4015.64
4016.22
4016.75
4017.27
4017.75
4018.2
4018.56
4018.85
4019.09
3988.63
3989.46
3990.5
3991.53
3992.55
3993.55
3994.51
3995.45
3996.38
3997.35
3998.41
3999.64
4001.06
4002.55
4004.02
4005.5
4006.97
4008.42
4009.85
4011.26
4012.63
4013.94
4015.12
4016.08
4016.86
4017.54
4018.15
4018.71
4019.23
4019.7
4020.12
4020.5
4020.79
4021.01
4021.18
3988.19
3989.1
3990.23
3991.35
3992.45
3993.52
3994.55
3995.57
3996.6
3997.65
3998.82
4000.19
4001.75
4003.4
4005.06
4006.71
4008.35
4009.97
4011.57
4013.13
4014.64
4016.08
4017.35
4018.37
4019.18
4019.85
4020.44
4020.96
4021.42
4021.82
4022.16
4022.44
4022.66
4022.8
4022.91
3987.86
3988.83
3990.03
3991.2
3992.35
3993.48
3994.58
3995.67
3996.77
3997.91
3999.17
4000.64
4002.35
4004.15
4005.97
4007.78
4009.57
4011.34
4013.08
4014.78
4016.42
4017.96
4019.31
4020.35
4021.15
4021.78
4022.31
4022.75
4023.12
4023.42
4023.65
4023.83
4023.95
4024.03
4024.08
3987.58
3988.6
3989.84
3991.05
3992.23
3993.4
3994.55
3995.71
3996.87
3998.08
3999.43
4000.99
4002.81
4004.76
4006.7
4008.64
4010.57
4012.48
4014.35
4016.17
4017.92
4019.56
4020.93
4021.97
4022.72
4023.29
4023.71
4024.05
4024.31
4024.5
4024.62
4024.7
4024.74
4024.75
4024.75
3987.26
3988.31
3989.58
3990.83
3992.04
3993.25
3994.44
3995.65
3996.87
3998.15
3999.56
4001.2
4003.12
4005.19
4007.26
4009.31
4011.36
4013.38
4015.36
4017.29
4019.13
4020.82
4022.22
4023.22
4023.9
4024.37
4024.7
4024.93
4025.08
4025.16
4025.19
4025.18
4025.16
4025.13
4025.08
3986.84
3987.92
3989.21
3990.49
3991.74
3992.98
3994.23
3995.49
3996.76
3998.09
3999.57
4001.27
4003.27
4005.44
4007.61
4009.76
4011.91
4014.03
4016.11
4018.12
4020.03
4021.77
4023.18
4024.15
4024.76
4025.14
4025.37
4025.5
4025.55
4025.55
4025.5
4025.42
4025.35
4025.28
4025.22
3986.27
3987.37
3988.69
3989.99
3991.28
3992.57
3993.87
3995.19
3996.52
3997.91
3999.43
4001.21
4003.28
4005.52
4007.76
4010
4012.23
4014.44
4016.59
4018.67
4020.64
4022.42
4023.86
4024.81
4025.37
4025.68
4025.83
4025.88
4025.85
4025.78
4025.66
4025.54
4025.42
4025.33
4025.26
3985.53
3986.64
3987.98
3989.33
3990.67
3992
3993.35
3994.72
3996.1
3997.55
3999.15
4000.98
4003.11
4005.43
4007.76
4010.08
4012.37
4014.62
4016.83
4018.96
4020.98
4022.81
4024.29
4025.27
4025.81
4026.09
4026.2
4026.18
4026.09
4025.94
4025.78
4025.6
4025.46
4025.35
4025.26
3984.61
3985.72
3987.12
3988.5
3989.89
3991.27
3992.67
3994.09
3995.53
3997.03
3998.68
4000.58
4002.78
4005.18
4007.59
4009.97
4012.33
4014.65
4016.9
4019.08
4021.13
4023
4024.53
4025.56
4026.14
4026.43
4026.51
4026.46
4026.31
4026.12
4025.89
4025.67
4025.49
4025.36
4025.26
3983.54
3984.65
3986.09
3987.54
3988.97
3990.4
3991.85
3993.32
3994.82
3996.37
3998.07
4000.03
4002.31
4004.77
4007.25
4009.71
4012.13
4014.51
4016.81
4019.03
4021.12
4023.05
4024.65
4025.77
4026.42
4026.75
4026.85
4026.78
4026.59
4026.32
4026.03
4025.75
4025.53
4025.36
4025.25
3982.32
3983.44
3984.95
3986.45
3987.93
3989.42
3990.92
3992.44
3993.98
3995.59
3997.35
3999.37
4001.71
4004.25
4006.79
4009.33
4011.81
4014.24
4016.6
4018.86
4021
4022.98
4024.66
4025.88
4026.64
4027.06
4027.2
4027.14
4026.92
4026.59
4026.22
4025.86
4025.57
4025.37
4025.23
3981.02
3982.13
3983.72
3985.29
3986.83
3988.36
3989.91
3991.49
3993.08
3994.73
3996.54
3998.62
4001.03
4003.64
4006.26
4008.85
4011.4
4013.88
4016.29
4018.6
4020.79
4022.82
4024.58
4025.93
4026.8
4027.31
4027.55
4027.54
4027.32
4026.94
4026.48
4026.01
4025.63
4025.37
4025.2
3979.69
3980.77
3982.45
3984.1
3985.69
3987.28
3988.88
3990.5
3992.13
3993.83
3995.7
3997.83
4000.3
4002.97
4005.66
4008.31
4010.92
4013.46
4015.93
4018.28
4020.51
4022.59
4024.43
4025.87
4026.86
4027.5
4027.86
4027.95
4027.78
4027.39
4026.85
4026.25
4025.73
4025.39
4025.16
3978.36
3979.43
3981.2
3982.92
3984.57
3986.21
3987.85
3989.52
3991.19
3992.93
3994.84
3997.03
3999.55
4002.29
4005.02
4007.73
4010.4
4013
4015.51
4017.91
4020.19
4022.32
4024.22
4025.74
4026.83
4027.59
4028.08
4028.31
4028.27
4027.96
4027.38
4026.63
4025.93
4025.44
4025.12
3977.06
3978.12
3980.01
3981.79
3983.49
3985.17
3986.86
3988.56
3990.28
3992.05
3994
3996.23
3998.8
4001.59
4004.38
4007.14
4009.85
4012.49
4015.06
4017.51
4019.83
4022
4023.95
4025.53
4026.71
4027.58
4028.19
4028.57
4028.71
4028.57
4028.08
4027.26
4026.32
4025.6
4025.13
3975.68
3976.88
3978.88
3980.72
3982.46
3984.2
3985.92
3987.65
3989.39
3991.2
3993.17
3995.44
3998.06
4000.88
4003.71
4006.51
4009.27
4011.96
4014.57
4017.06
4019.42
4021.64
4023.63
4025.27
4026.51
4027.45
4028.16
4028.69
4029.03
4029.12
4028.88
4028.2
4027.11
4026.07
4025.29
3974.15
3975.72
3977.83
3979.73
3981.52
3983.28
3985.03
3986.79
3988.55
3990.38
3992.38
3994.67
3997.31
4000.16
4003.02
4005.85
4008.65
4011.38
4014.02
4016.55
4018.96
4021.22
4023.26
4024.95
4026.25
4027.24
4028.01
4028.64
4029.13
4029.47
4029.61
4029.41
4028.66
4027.5
4026.23
4021.44
4021.54
4021.64
4021.76
4021.89
4022.04
4022.22
4022.42
4022.66
4022.94
4023.3
4023.8
4024.49
4025.44
4026.63
4028.05
4029.6
4031.24
4032.95
4034.7
4036.48
4038.21
4039.85
4041.25
4042.37
4043.24
4043.96
4044.56
4045.06
4045.48
4045.83
4046.11
4046.31
4046.42
4046.51
4021.42
4021.52
4021.63
4021.74
4021.87
4022.02
4022.2
4022.4
4022.64
4022.93
4023.3
4023.81
4024.51
4025.47
4026.69
4028.12
4029.69
4031.35
4033.07
4034.85
4036.64
4038.4
4040.07
4041.49
4042.6
4043.46
4044.15
4044.73
4045.21
4045.62
4045.95
4046.21
4046.38
4046.49
4046.56
4021.4
4021.5
4021.6
4021.71
4021.84
4021.99
4022.17
4022.38
4022.62
4022.91
4023.29
4023.8
4024.52
4025.5
4026.72
4028.15
4029.72
4031.38
4033.13
4034.93
4036.74
4038.51
4040.19
4041.65
4042.75
4043.6
4044.28
4044.85
4045.32
4045.71
4046.02
4046.28
4046.44
4046.54
4046.6
4021.38
4021.47
4021.57
4021.69
4021.81
4021.96
4022.13
4022.34
4022.58
4022.87
4023.25
4023.76
4024.48
4025.47
4026.69
4028.12
4029.69
4031.36
4033.11
4034.93
4036.74
4038.52
4040.23
4041.71
4042.82
4043.67
4044.35
4044.91
4045.37
4045.76
4046.07
4046.32
4046.49
4046.58
4046.63
4021.36
4021.45
4021.55
4021.65
4021.77
4021.92
4022.09
4022.29
4022.53
4022.82
4023.19
4023.7
4024.41
4025.39
4026.6
4028.01
4029.58
4031.25
4033.01
4034.84
4036.67
4038.47
4040.2
4041.69
4042.82
4043.68
4044.36
4044.92
4045.39
4045.78
4046.09
4046.34
4046.51
4046.61
4046.66
4021.34
4021.42
4021.51
4021.61
4021.73
4021.87
4022.03
4022.23
4022.46
4022.74
4023.1
4023.59
4024.29
4025.25
4026.44
4027.83
4029.37
4031.03
4032.8
4034.64
4036.49
4038.32
4040.07
4041.59
4042.75
4043.63
4044.32
4044.9
4045.38
4045.77
4046.09
4046.34
4046.53
4046.63
4046.69
4021.31
4021.39
4021.47
4021.56
4021.68
4021.81
4021.97
4022.15
4022.37
4022.63
4022.98
4023.45
4024.12
4025.04
4026.19
4027.55
4029.07
4030.71
4032.48
4034.32
4036.19
4038.05
4039.84
4041.4
4042.59
4043.51
4044.23
4044.83
4045.34
4045.75
4046.08
4046.34
4046.53
4046.65
4046.71
4021.28
4021.35
4021.43
4021.51
4021.62
4021.73
4021.88
4022.06
4022.25
4022.5
4022.82
4023.26
4023.89
4024.76
4025.86
4027.17
4028.65
4030.27
4032.01
4033.85
4035.76
4037.65
4039.48
4041.11
4042.35
4043.32
4044.08
4044.72
4045.25
4045.69
4046.04
4046.32
4046.53
4046.66
4046.73
4021.26
4021.31
4021.38
4021.45
4021.55
4021.66
4021.78
4021.94
4022.12
4022.35
4022.63
4023.03
4023.6
4024.41
4025.43
4026.68
4028.1
4029.67
4031.4
4033.24
4035.16
4037.09
4038.98
4040.67
4041.99
4043.02
4043.84
4044.54
4045.12
4045.6
4045.98
4046.28
4046.51
4046.66
4046.74
4021.22
4021.27
4021.33
4021.4
4021.48
4021.57
4021.68
4021.81
4021.97
4022.16
4022.41
4022.76
4023.25
4023.97
4024.91
4026.07
4027.42
4028.93
4030.6
4032.42
4034.35
4036.33
4038.28
4040.06
4041.46
4042.59
4043.5
4044.27
4044.93
4045.47
4045.9
4046.23
4046.49
4046.65
4046.75
4021.19
4021.23
4021.28
4021.33
4021.4
4021.47
4021.56
4021.67
4021.79
4021.95
4022.16
4022.44
4022.86
4023.47
4024.29
4025.35
4026.6
4028.02
4029.61
4031.38
4033.3
4035.32
4037.34
4039.2
4040.72
4041.96
4042.99
4043.88
4044.64
4045.26
4045.77
4046.16
4046.45
4046.64
4046.76
4030.9
4030.93
4030.94
4030.97
4030.99
4031.02
4031.04
4031.07
4031.09
4031.11
4031.15
4031.17
4031.2
4031.23
4031.26
4030.71
4030.69
4030.69
4030.69
4030.69
4030.69
4030.7
4030.71
4030.73
4030.74
4030.76
4030.78
4030.79
4030.81
4030.84
4030.37
4030.31
4030.26
4030.22
4030.2
4030.19
4030.19
4030.19
4030.2
4030.22
4030.23
4030.25
4030.27
4030.3
4030.32
4029.91
4029.79
4029.7
4029.63
4029.6
4029.57
4029.56
4029.56
4029.57
4029.58
4029.6
4029.61
4029.64
4029.66
4029.69
4029.38
4029.2
4029.07
4028.97
4028.91
4028.87
4028.85
4028.84
4028.83
4028.84
4028.85
4028.85
4028.87
4028.89
4028.9
4028.78
4028.54
4028.36
4028.23
4028.13
4028.07
4028.03
4028
4027.99
4027.98
4027.97
4027.97
4027.98
4027.99
4027.99
4028.1
4027.78
4027.53
4027.36
4027.23
4027.14
4027.08
4027.04
4027.01
4026.98
4026.97
4026.96
4026.95
4026.95
4026.94
4027.3
4026.9
4026.59
4026.35
4026.19
4026.07
4025.98
4025.93
4025.88
4025.84
4025.81
4025.79
4025.76
4025.74
4025.74
4026.37
4025.88
4025.5
4025.2
4024.99
4024.84
4024.73
4024.66
4024.59
4024.54
4024.49
4024.45
4024.42
4024.39
4024.37
4025.29
4024.7
4024.24
4023.89
4023.63
4023.45
4023.32
4023.22
4023.14
4023.07
4023.01
4022.96
4022.91
4022.86
4022.84
4023.98
4023.29
4022.76
4022.35
4022.05
4021.83
4021.68
4021.55
4021.45
4021.38
4021.31
4021.24
4021.18
4021.13
4021.11
4022.36
4021.58
4020.96
4020.5
4020.15
4019.89
4019.71
4019.56
4019.44
4019.35
4019.27
4019.19
4019.13
4019.09
4019.07
4020.32
4019.43
4018.74
4018.21
4017.82
4017.52
4017.29
4017.11
4016.97
4016.85
4016.75
4016.68
4016.61
4016.59
4016.6
4017.96
4016.97
4016.19
4015.59
4015.13
4014.78
4014.51
4014.29
4014.11
4013.96
4013.83
4013.73
4013.66
4013.62
4013.64
4015.42
4014.33
4013.48
4012.81
4012.3
4011.89
4011.57
4011.31
4011.08
4010.89
4010.73
4010.59
4010.48
4010.42
4010.43
4012.79
4011.62
4010.69
4009.97
4009.41
4008.96
4008.59
4008.29
4008.02
4007.78
4007.57
4007.4
4007.26
4007.17
4007.16
4010.08
4008.84
4007.86
4007.1
4006.5
4006.01
4005.6
4005.25
4004.94
4004.66
4004.41
4004.2
4004.02
4003.9
4003.86
4007.31
4006.03
4005.01
4004.21
4003.58
4003.06
4002.62
4002.23
4001.89
4001.56
4001.27
4001.02
4000.8
4000.64
4000.57
4004.51
4003.2
4002.16
4001.34
4000.68
4000.14
3999.67
3999.25
3998.87
3998.51
3998.18
3997.89
3997.63
3997.43
3997.31
4001.7
4000.36
3999.31
3998.49
3997.82
3997.25
3996.76
3996.32
3995.9
3995.52
3995.15
3994.82
3994.52
3994.26
3994.09
3998.87
3997.55
3996.5
3995.67
3994.99
3994.41
3993.9
3993.43
3992.99
3992.57
3992.18
3991.8
3991.47
3991.17
3990.93
3996.07
3994.75
3993.72
3992.89
3992.21
3991.62
3991.09
3990.61
3990.15
3989.7
3989.27
3988.87
3988.49
3988.14
3987.84
3993.3
3992
3990.98
3990.16
3989.49
3988.88
3988.35
3987.84
3987.36
3986.89
3986.43
3986
3985.57
3985.19
3984.84
3990.76
3989.48
3988.47
3987.66
3986.99
3986.38
3985.83
3985.3
3984.81
3984.31
3983.83
3983.36
3982.91
3982.47
3982.06
3988.56
3987.31
3986.32
3985.53
3984.84
3984.24
3983.68
3983.14
3982.62
3982.12
3981.62
3981.13
3980.64
3980.16
3979.69
3986.65
3985.43
3984.46
3983.67
3982.99
3982.38
3981.81
3981.26
3980.73
3980.21
3979.7
3979.19
3978.69
3978.17
3977.66
3984.91
3983.71
3982.77
3981.99
3981.31
3980.69
3980.11
3979.55
3979.01
3978.47
3977.94
3977.42
3976.9
3976.36
3975.82
3983.22
3982.06
3981.14
3980.36
3979.68
3979.05
3978.46
3977.89
3977.32
3976.78
3976.24
3975.69
3975.16
3974.6
3974.03
3981.54
3980.41
3979.5
3978.73
3978.03
3977.39
3976.78
3976.19
3975.62
3975.05
3974.49
3973.93
3973.38
3972.81
3972.23
3979.87
3978.76
3977.86
3977.09
3976.38
3975.72
3975.08
3974.46
3973.86
3973.27
3972.69
3972.11
3971.54
3970.96
3970.37
3978.17
3977.09
3976.2
3975.42
3974.69
3974
3973.33
3972.67
3972.04
3971.41
3970.79
3970.19
3969.59
3968.99
3968.39
3976.45
3975.39
3974.5
3973.71
3972.96
3972.23
3971.53
3970.82
3970.13
3969.45
3968.77
3968.12
3967.48
3966.85
3966.23
3974.64
3973.62
3972.74
3971.93
3971.15
3970.39
3969.64
3968.89
3968.13
3967.38
3966.62
3965.89
3965.17
3964.47
3963.8
3972.69
3971.72
3970.86
3970.06
3969.26
3968.48
3967.7
3966.9
3966.1
3965.28
3964.46
3963.65
3962.84
3962.04
3961.27
3970.78
3969.89
3969.07
3968.29
3967.51
3966.72
3965.93
3965.13
3964.31
3963.49
3962.66
3961.82
3960.98
4040.53
4040.7
4040.86
4041.02
4041.18
4041.33
4034.89
4035.06
4035.23
4035.41
4035.59
4035.77
4035.95
4036.13
4036.31
4036.5
4036.69
4036.87
4037.06
4037.25
4037.45
4037.64
4037.83
4038.02
4038.21
4038.4
4038.59
4038.78
4038.96
4039.15
4039.33
4039.51
4039.69
4039.86
4040.03
4040.2
4040.36
4040.53
4040.68
4040.84
4040.99
4033.9
4034.11
4034.31
4034.51
4034.71
4034.91
4035.12
4035.31
4035.52
4035.72
4035.92
4036.12
4036.32
4036.53
4036.72
4036.92
4037.12
4037.31
4037.51
4037.7
4037.89
4038.08
4038.27
4038.45
4038.63
4038.81
4038.99
4039.16
4039.32
4039.49
4039.65
4039.8
4039.95
4040.09
4040.23
4032.26
4032.5
4032.75
4033
4033.24
4033.47
4033.71
4033.94
4034.17
4034.39
4034.61
4034.84
4035.05
4035.26
4035.48
4035.69
4035.89
4036.09
4036.3
4036.49
4036.68
4036.87
4037.06
4037.24
4037.43
4037.6
4037.76
4037.93
4038.09
4038.24
4038.38
4038.52
4038.66
4038.78
4038.9
4029.95
4030.26
4030.56
4030.86
4031.16
4031.44
4031.72
4032
4032.26
4032.53
4032.78
4033.03
4033.28
4033.51
4033.75
4033.97
4034.19
4034.41
4034.62
4034.83
4035.03
4035.22
4035.42
4035.6
4035.78
4035.96
4036.12
4036.28
4036.43
4036.57
4036.7
4036.82
4036.94
4037.05
4037.14
4027.11
4027.49
4027.87
4028.24
4028.59
4028.94
4029.28
4029.6
4029.91
4030.22
4030.52
4030.81
4031.09
4031.36
4031.63
4031.88
4032.13
4032.37
4032.6
4032.83
4033.05
4033.26
4033.46
4033.66
4033.85
4034.02
4034.18
4034.34
4034.49
4034.62
4034.74
4034.85
4034.95
4035.03
4035.1
4023.98
4024.43
4024.89
4025.32
4025.75
4026.16
4026.55
4026.94
4027.3
4027.67
4028.01
4028.34
4028.67
4028.98
4029.28
4029.57
4029.85
4030.12
4030.39
4030.64
4030.88
4031.11
4031.33
4031.54
4031.73
4031.92
4032.1
4032.25
4032.4
4032.53
4032.65
4032.75
4032.83
4032.9
4032.95
4020.66
4021.21
4021.74
4022.25
4022.75
4023.23
4023.69
4024.14
4024.56
4024.98
4025.38
4025.76
4026.13
4026.49
4026.83
4027.16
4027.48
4027.78
4028.08
4028.36
4028.62
4028.88
4029.13
4029.35
4029.56
4029.77
4029.95
4030.12
4030.27
4030.41
4030.53
4030.63
4030.7
4030.76
4030.8
4017.21
4017.84
4018.46
4019.06
4019.64
4020.19
4020.72
4021.23
4021.73
4022.21
4022.66
4023.1
4023.52
4023.93
4024.32
4024.69
4025.05
4025.39
4025.72
4026.03
4026.34
4026.62
4026.89
4027.15
4027.39
4027.61
4027.82
4028
4028.17
4028.32
4028.44
4028.55
4028.64
4028.7
4028.75
4013.61
4014.31
4015.02
4015.7
4016.36
4016.98
4017.58
4018.17
4018.72
4019.26
4019.78
4020.27
4020.74
4021.21
4021.64
4022.06
4022.48
4022.86
4023.23
4023.58
4023.93
4024.25
4024.56
4024.85
4025.13
4025.37
4025.61
4025.83
4026.02
4026.21
4026.36
4026.49
4026.61
4026.7
4026.78
4009.65
4010.44
4011.24
4012.02
4012.75
4013.46
4014.14
4014.8
4015.42
4016.03
4016.61
4017.17
4017.72
4018.24
4018.74
4019.22
4019.68
4020.12
4020.55
4020.95
4021.34
4021.72
4022.07
4022.41
4022.73
4023.03
4023.31
4023.57
4023.81
4024.03
4024.23
4024.4
4024.56
4024.69
4024.8
4005.2
4006.1
4007.01
4007.87
4008.71
4009.51
4010.27
4011.01
4011.71
4012.4
4013.06
4013.69
4014.3
4014.89
4015.46
4016.01
4016.54
4017.05
4017.54
4018.02
4018.48
4018.91
4019.33
4019.74
4020.12
4020.48
4020.82
4021.14
4021.44
4021.72
4021.97
4022.21
4022.42
4022.6
4022.77
4000.06
4001.1
4002.16
4003.17
4004.14
4005.06
4005.95
4006.79
4007.61
4008.4
4009.16
4009.9
4010.6
4011.28
4011.95
4012.59
4013.2
4013.81
4014.38
4014.94
4015.49
4016.01
4016.5
4016.98
4017.44
4017.87
4018.29
4018.67
4019.04
4019.38
4019.69
4019.98
4020.24
4020.47
4020.68
3994.5
3995.71
3996.95
3998.15
3999.28
4000.36
4001.39
4002.37
4003.32
4004.24
4005.12
4005.97
4006.79
4007.59
4008.36
4009.1
4009.83
4010.53
4011.21
4011.86
4012.49
4013.11
4013.69
4014.26
4014.8
4015.32
4015.8
4016.27
4016.71
4017.12
4017.51
4017.87
4018.2
4018.49
4018.76
3988.7
3990.1
3991.56
3992.95
3994.26
3995.51
3996.7
3997.83
3998.93
3999.98
4000.99
4001.98
4002.92
4003.83
4004.72
4005.59
4006.42
4007.23
4008.02
4008.78
4009.52
4010.23
4010.92
4011.59
4012.22
4012.83
4013.42
4013.97
4014.51
4015.01
4015.48
4015.93
4016.35
4016.74
4017.1
3982.67
3984.27
3985.97
3987.56
3989.08
3990.51
3991.87
3993.17
3994.42
3995.62
3996.77
3997.89
3998.96
4000.01
4001.04
4002.02
4002.98
4003.91
4004.81
4005.7
4006.55
4007.38
4008.18
4008.95
4009.7
4010.42
4011.11
4011.78
4012.41
4013.02
4013.6
4014.15
4014.68
4015.18
4015.65
3976.37
3978.2
3980.15
3981.99
3983.71
3985.34
3986.88
3988.36
3989.77
3991.13
3992.43
3993.69
3994.92
3996.11
3997.27
3998.39
3999.48
4000.54
4001.58
4002.59
4003.56
4004.52
4005.44
4006.34
4007.21
4008.05
4008.86
4009.64
4010.4
4011.13
4011.83
4012.5
4013.15
4013.77
4014.35
3969.78
3971.86
3974.09
3976.18
3978.13
3979.97
3981.71
3983.37
3984.96
3986.48
3987.95
3989.38
3990.76
3992.09
3993.39
3994.66
3995.9
3997.1
3998.27
3999.42
4000.53
4001.62
4002.69
4003.72
4004.72
4005.69
4006.63
4007.54
4008.44
4009.29
4010.12
4010.92
4011.69
4012.44
4013.16
3962.88
3965.24
3967.77
3970.14
3972.33
3974.4
3976.34
3978.2
3979.97
3981.67
3983.31
3984.9
3986.43
3987.93
3989.39
3990.81
3992.19
3993.55
3994.87
3996.17
3997.43
3998.66
3999.86
4001.04
4002.18
4003.3
4004.38
4005.44
4006.47
4007.46
4008.44
4009.37
4010.28
4011.16
4012.02
3955.67
3958.33
3961.19
3963.84
3966.29
3968.59
3970.75
3972.8
3974.77
3976.65
3978.46
3980.22
3981.93
3983.59
3985.2
3986.79
3988.34
3989.85
3991.33
3992.78
3994.2
3995.58
3996.94
3998.26
3999.57
4000.83
4002.07
4003.27
4004.45
4005.59
4006.7
4007.79
4008.84
4009.87
4010.86
3948.1
3951.07
3954.32
3957.29
3960.02
3962.55
3964.93
3967.18
3969.33
3971.39
3973.39
3975.32
3977.19
3979.02
3980.81
3982.56
3984.27
3985.95
3987.6
3989.21
3990.79
3992.34
3993.86
3995.34
3996.8
3998.23
3999.62
4000.99
4002.31
4003.62
4004.89
4006.13
4007.33
4008.5
4009.65
3940.13
3943.45
3947.11
3950.44
3953.47
3956.26
3958.87
3961.33
3963.67
3965.92
3968.09
3970.19
3972.23
3974.22
3976.18
3978.09
3979.97
3981.82
3983.64
3985.42
3987.17
3988.88
3990.57
3992.22
3993.84
3995.43
3996.99
3998.52
4000.01
4001.47
4002.91
4004.3
4005.66
4006.99
4008.3
3931.81
3935.43
3939.56
3943.3
3946.68
3949.78
3952.65
3955.36
3957.91
3960.37
3962.74
3965.02
3967.25
3969.43
3971.56
3973.65
3975.71
3977.73
3979.72
3981.66
3983.58
3985.45
3987.3
3989.11
3990.9
3992.64
3994.35
3996.04
3997.69
3999.29
4000.87
4002.41
4003.91
4005.37
4006.78
3924.19
3928.01
3932.5
3936.6
3940.29
3943.66
3946.78
3949.7
3952.48
3955.13
3957.68
3960.16
3962.56
3964.9
3967.19
3969.44
3971.65
3973.83
3975.96
3978.06
3980.12
3982.15
3984.14
3986.09
3988.02
3989.91
3991.76
3993.58
3995.36
3997.1
3998.81
4000.47
4002.08
4003.66
4005.18
3917.6
3921.46
3926.18
3930.51
3934.43
3938
3941.31
3944.42
3947.37
3950.18
3952.89
3955.51
3958.06
3960.55
3962.99
3965.37
3967.72
3970.03
3972.3
3974.53
3976.71
3978.88
3981
3983.08
3985.13
3987.14
3989.12
3991.07
3992.98
3994.84
3996.65
3998.44
4000.17
4001.86
4003.51
3911.89
3915.63
3920.44
3924.9
3928.94
3932.63
3936.08
3939.31
3942.39
3945.32
3948.16
3950.91
3953.58
3956.2
3958.75
3961.26
3963.73
3966.15
3968.54
3970.89
3973.2
3975.47
3977.71
3979.92
3982.09
3984.21
3986.32
3988.38
3990.4
3992.39
3994.33
3996.23
3998.09
3999.91
4001.71
3906.8
3910.33
3915.08
3919.55
3923.62
3927.36
3930.86
3934.17
3937.32
3940.35
3943.28
3946.12
3948.89
3951.6
3954.26
3956.87
3959.45
3961.98
3964.47
3966.93
3969.36
3971.74
3974.09
3976.41
3978.69
3980.94
3983.16
3985.34
3987.49
3989.6
3991.67
3993.7
3995.71
3997.7
3999.7
3902.18
3905.37
3909.93
3914.3
3918.31
3922.03
3925.52
3928.84
3932.02
3935.09
3938.07
3940.98
3943.81
3946.6
3949.35
3952.05
3954.72
3957.35
3959.95
3962.52
3965.04
3967.53
3970
3972.42
3974.83
3977.2
3979.54
3981.85
3984.12
3986.37
3988.58
3990.77
3992.94
3995.14
3997.36
3898.08
3900.86
3905.13
3909.29
3913.15
3916.75
3920.16
3923.43
3926.57
3929.63
3932.62
3935.54
3938.41
3941.25
3944.04
3946.81
3949.55
3952.26
3954.94
3957.6
3960.21
3962.8
3965.37
3967.9
3970.42
3972.9
3975.36
3977.8
3980.2
3982.59
3984.96
3987.32
3989.68
3992.09
3994.59
3894.58
3896.9
3900.8
3904.68
3908.3
3911.71
3914.97
3918.11
3921.17
3924.15
3927.08
3929.98
3932.82
3935.65
3938.46
3941.24
3944.01
3946.78
3949.51
3952.22
3954.9
3957.56
3960.2
3962.81
3965.41
3967.99
3970.56
3973.1
3975.63
3978.16
3980.68
3983.22
3985.78
3988.45
3991.27
3891.68
3893.62
3897.12
3960.14
3959.27
3972.56
3974.75
3976.92
3978.84
3980.67
3982.45
3984.21
3985.99
3987.76
3989.59
3991.61
3993.9
3996.55
3999.41
4002.28
4005.14
4007.96
4010.71
4013.39
4015.97
4018.42
4020.72
4022.82
4024.57
4025.92
4026.96
4027.78
4028.47
4029.04
4029.51
4029.89
4030.18
4030.35
4030.38
4030.33
3972.19
3974.29
3976.41
3978.31
3980.11
3981.89
3983.64
3985.41
3987.18
3989
3991
3993.28
3995.91
3998.78
4001.65
4004.5
4007.33
4010.1
4012.81
4015.42
4017.91
4020.25
4022.4
4024.21
4025.6
4026.69
4027.56
4028.29
4028.9
4029.42
4029.85
4030.21
4030.48
4030.61
4030.67
3971.76
3973.81
3975.88
3977.76
3979.54
3981.3
3983.05
3984.79
3986.54
3988.35
3990.33
3992.59
3995.2
3998.04
4000.9
4003.75
4006.58
4009.37
4012.1
4014.74
4017.27
4019.67
4021.88
4023.76
4025.21
4026.35
4027.28
4028.05
4028.71
4029.28
4029.75
4030.16
4030.5
4030.7
4030.81
3971.32
3973.3
3975.31
3977.16
3978.93
3980.66
3982.37
3984.09
3985.81
3987.6
3989.54
3991.77
3994.35
3997.17
4000
4002.84
4005.66
4008.46
4011.21
4013.89
4016.46
4018.93
4021.21
4023.16
4024.69
4025.91
4026.9
4027.73
4028.45
4029.07
4029.6
4030.06
4030.45
4030.72
4030.87
4021.15
4021.18
4021.22
4021.26
4021.31
4021.36
4021.43
4021.5
4021.6
4021.72
4021.88
4022.09
4022.42
4022.91
4023.58
4024.51
4025.65
4026.94
4028.41
4030.08
4031.96
4033.99
4036.07
4037.99
4039.61
4041
4042.19
4043.24
4044.15
4044.91
4045.54
4046.03
4046.38
4046.62
4046.77
4021.11
4021.14
4021.17
4021.21
4021.25
4021.31
4021.36
4021.44
4021.53
4021.64
4021.78
4021.98
4022.3
4022.76
4023.41
4024.31
4025.41
4026.68
4028.1
4029.75
4031.63
4033.67
4035.77
4037.72
4039.37
4040.79
4042.03
4043.13
4044.08
4044.88
4045.53
4046.04
4046.39
4046.63
4046.78
4021.07
4021.1
4021.12
4021.17
4021.2
4021.25
4021.31
4021.37
4021.45
4021.55
4021.69
4021.88
4022.18
4022.63
4023.27
4024.14
4025.22
4026.45
4027.86
4029.48
4031.35
4033.41
4035.53
4037.49
4039.18
4040.64
4041.91
4043.04
4044.03
4044.85
4045.52
4046.04
4046.4
4046.64
4046.79
4021.03
4021.06
4021.08
4021.11
4021.14
4021.18
4021.24
4021.3
4021.37
4021.46
4021.59
4021.78
4022.06
4022.49
4023.12
4023.99
4025.03
4026.24
4027.63
4029.24
4031.1
4033.19
4035.33
4037.3
4039.01
4040.5
4041.81
4042.97
4043.98
4044.82
4045.51
4046.04
4046.4
4046.64
4046.8
4020.99
4021.01
4021.03
4021.05
4021.08
4021.12
4021.17
4021.22
4021.28
4021.37
4021.49
4021.66
4021.93
4022.35
4022.97
4023.82
4024.85
4026.03
4027.41
4029.01
4030.88
4032.97
4035.15
4037.14
4038.87
4040.37
4041.72
4042.9
4043.94
4044.8
4045.5
4046.04
4046.41
4046.65
4046.82
4020.94
4020.96
4020.98
4020.99
4021.02
4021.05
4021.08
4021.13
4021.19
4021.27
4021.38
4021.54
4021.8
4022.21
4022.83
4023.67
4024.67
4025.83
4027.2
4028.8
4030.66
4032.78
4034.98
4036.99
4038.74
4040.26
4041.63
4042.85
4043.9
4044.78
4045.49
4046.04
4046.42
4046.66
4046.83
4020.9
4020.91
4020.92
4020.93
4020.95
4020.98
4021.01
4021.05
4021.1
4021.17
4021.26
4021.42
4021.67
4022.08
4022.68
4023.51
4024.5
4025.65
4027.01
4028.61
4030.47
4032.62
4034.84
4036.87
4038.63
4040.17
4041.57
4042.8
4043.87
4044.76
4045.49
4046.05
4046.43
4046.67
4046.84
4020.85
4020.86
4020.86
4020.87
4020.88
4020.9
4020.93
4020.96
4021
4021.07
4021.16
4021.3
4021.54
4021.94
4022.55
4023.36
4024.34
4025.49
4026.85
4028.44
4030.31
4032.48
4034.74
4036.77
4038.55
4040.11
4041.52
4042.77
4043.85
4044.76
4045.49
4046.06
4046.44
4046.69
4046.86
4020.8
4020.8
4020.8
4020.81
4020.81
4020.83
4020.84
4020.87
4020.9
4020.96
4021.04
4021.17
4021.41
4021.83
4022.44
4023.24
4024.2
4025.36
4026.72
4028.32
4030.2
4032.39
4034.67
4036.71
4038.5
4040.07
4041.5
4042.76
4043.85
4044.76
4045.5
4046.07
4046.45
4046.7
4046.87
4020.74
4020.74
4020.74
4020.74
4020.74
4020.74
4020.76
4020.78
4020.81
4020.85
4020.93
4021.07
4021.31
4021.73
4022.35
4023.15
4024.11
4025.27
4026.64
4028.26
4030.15
4032.36
4034.66
4036.7
4038.51
4040.09
4041.52
4042.79
4043.88
4044.78
4045.52
4046.09
4046.47
4046.72
4046.89
4020.69
4020.68
4020.68
4020.67
4020.67
4020.67
4020.68
4020.69
4020.71
4020.75
4020.83
4020.97
4021.23
4021.68
4022.3
4023.1
4024.08
4025.25
4026.64
4028.26
4030.17
4032.41
4034.73
4036.79
4038.6
4040.18
4041.61
4042.87
4043.95
4044.84
4045.56
4046.13
4046.51
4046.75
4046.92
4020.64
4020.63
4020.61
4020.61
4020.6
4020.6
4020.6
4020.6
4020.63
4020.67
4020.74
4020.9
4021.21
4021.68
4022.3
4023.1
4024.1
4025.3
4026.72
4028.37
4030.31
4032.59
4034.93
4037.01
4038.8
4040.38
4041.79
4043.02
4044.07
4044.94
4045.64
4046.18
4046.55
4046.78
4046.94
4020.59
4020.57
4020.56
4020.55
4020.54
4020.53
4020.52
4020.53
4020.55
4020.6
4020.7
4020.88
4021.22
4021.71
4022.37
4023.2
4024.23
4025.47
4026.93
4028.62
4030.62
4032.95
4035.32
4037.38
4039.18
4040.72
4042.08
4043.27
4044.27
4045.09
4045.75
4046.27
4046.61
4046.83
4046.98
4020.55
4020.53
4020.51
4020.5
4020.48
4020.46
4020.46
4020.46
4020.5
4020.55
4020.68
4020.9
4021.29
4021.83
4022.53
4023.41
4024.5
4025.81
4027.33
4029.09
4031.15
4033.54
4035.93
4037.99
4039.74
4041.22
4042.52
4043.63
4044.55
4045.31
4045.91
4046.39
4046.7
4046.89
4047.02
4020.5
4020.48
4020.46
4020.44
4020.41
4020.4
4020.4
4020.41
4020.46
4020.55
4020.71
4020.99
4021.45
4022.05
4022.83
4023.81
4024.99
4026.38
4027.99
4029.81
4031.97
4034.43
4036.82
4038.85
4040.53
4041.92
4043.11
4044.11
4044.93
4045.6
4046.14
4046.55
4046.81
4046.97
4047.07
4020.47
4020.45
4020.41
4020.38
4020.35
4020.34
4020.36
4020.41
4020.49
4020.62
4020.84
4021.19
4021.75
4022.47
4023.38
4024.48
4025.79
4027.31
4029.01
4030.9
4033.18
4035.7
4038.05
4039.99
4041.56
4042.81
4043.85
4044.7
4045.41
4045.97
4046.42
4046.76
4046.97
4047.08
4047.15
4020.45
4020.41
4020.37
4020.33
4020.31
4020.31
4020.35
4020.42
4020.54
4020.7
4020.97
4021.38
4022.02
4022.82
4023.83
4025.03
4026.44
4028.03
4029.79
4031.73
4034.11
4036.67
4038.94
4040.84
4042.33
4043.48
4044.4
4045.16
4045.78
4046.28
4046.67
4046.97
4047.14
4047.21
4047.24
4020.41
4020.37
4020.31
4020.27
4020.27
4020.3
4020.37
4020.47
4020.62
4020.83
4021.14
4021.63
4022.35
4023.25
4024.34
4025.64
4027.11
4028.74
4030.52
4032.46
4034.92
4037.44
4039.6
4041.44
4042.83
4043.9
4044.74
4045.43
4046.01
4046.47
4046.83
4047.11
4047.28
4047.33
4047.33
4020.37
4020.29
4020.23
4020.22
4020.26
4020.32
4020.43
4020.57
4020.76
4021.02
4021.39
4021.96
4022.77
4023.76
4024.94
4026.3
4027.8
4029.44
4031.19
4033.08
4035.58
4037.99
4039.99
4041.77
4043.07
4044.07
4044.87
4045.53
4046.08
4046.53
4046.89
4047.17
4047.36
4047.43
4047.39
4020.17
4020.13
4020.16
4020.21
4020.28
4020.4
4020.55
4020.74
4020.98
4021.31
4021.76
4022.41
4023.32
4024.4
4025.65
4027.02
4028.52
4030.11
4031.78
4033.57
4036.03
4038.26
4040.09
4041.71
4042.97
4043.96
4044.75
4045.42
4045.99
4046.46
4046.83
4047.13
4047.36
4047.49
4047.55
4035.68
4035.83
4035.97
4036.13
4036.29
4036.45
4036.62
4036.78
4036.96
4037.12
4037.29
4037.47
4037.65
4037.82
4038
4038.19
4038.37
4038.55
4038.73
4038.91
4039.09
4039.27
4039.45
4039.63
4039.8
4039.98
4040.15
4040.32
4040.49
4040.65
4040.82
4040.98
4041.14
4041.29
4041.44
4035.41
4035.57
4035.74
4035.89
4036.06
4036.23
4036.4
4036.57
4036.74
4036.92
4037.1
4037.28
4037.46
4037.64
4037.83
4038.01
4038.19
4038.38
4038.56
4038.75
4038.94
4039.12
4039.31
4039.49
4039.66
4039.84
4040.02
4040.19
4040.36
3956.5
3953.71
3950.75
3947.65
3944.39
3940.96
3937.3
3933.39
3929.08
3979.06
3979.03
3978.87
3978.55
3978.1
3977.56
3976.93
3976.21
3975.39
3974.46
3973.41
3972.23
3970.91
3969.45
3967.82
3966.04
3964.1
3962
3959.72
3957.29
3954.69
3951.92
3949
3945.92
3942.66
3939.21
3935.56
3931.66
3927.45
3922.82
3976.67
3976.52
3976.21
3975.77
3975.2
3974.55
3973.81
3972.99
3972.06
3971.03
3969.89
3968.63
3967.23
3965.68
3963.98
3962.14
3960.12
3957.95
3955.59
3953.08
3950.39
3947.53
3944.5
3941.29
3937.89
3934.28
3930.47
3926.37
3921.98
3917.17
3974.39
3974.11
3973.68
3973.11
3972.43
3971.67
3970.81
3969.87
3968.84
3967.71
3966.46
3965.1
3963.61
3961.98
3960.2
3958.27
3956.18
3953.92
3951.5
3948.9
3946.13
3943.19
3940.05
3936.73
3933.21
3929.48
3925.53
3921.32
3916.84
3912
3972.13
3971.72
3971.17
3970.49
3969.69
3968.81
3967.85
3966.79
3965.65
3964.41
3963.07
3961.6
3960.02
3958.29
3956.43
3954.41
3952.25
3949.92
3947.43
3944.75
3941.91
3938.89
3935.67
3932.26
3928.66
3924.85
3920.81
3916.56
3912.07
3907.3
3969.85
3969.33
3968.67
3967.88
3966.98
3965.99
3964.92
3963.76
3962.52
3961.17
3959.72
3958.16
3956.48
3954.67
3952.72
3950.63
3948.39
3945.99
3943.43
3940.7
3937.81
3934.72
3931.46
3927.99
3924.34
3920.47
3916.43
3912.19
3907.78
3903.13
3967.52
3966.9
3966.14
3965.26
3964.26
3963.18
3962.01
3960.76
3959.41
3957.98
3956.44
3954.79
3953.01
3951.12
3949.1
3946.95
3944.65
3942.19
3939.58
3936.82
3933.87
3930.76
3927.46
3923.98
3920.32
3916.46
3912.45
3908.29
3904.02
3899.58
3965.03
3964.33
3963.49
3962.53
3961.46
3960.31
3959.06
3957.73
3956.3
3954.79
3953.18
3951.45
3949.61
3947.66
3945.58
3943.37
3941.03
3938.53
3935.9
3933.11
3930.17
3927.05
3923.76
3920.29
3916.65
3912.84
3908.9
3904.87
3900.81
3896.66
3962.16
3961.4
3960.51
3959.51
3958.39
3957.19
3955.89
3954.51
3953.05
3951.48
3949.81
3948.04
3946.16
3944.17
3942.06
3939.82
3937.46
3934.97
3932.34
3929.57
3926.64
3923.55
3920.31
3916.89
3913.3
3909.57
3905.72
3901.84
3898.03
3894.28
3958.52
3957.7
3956.79
3955.76
3954.64
3953.42
3952.12
3950.73
3949.25
3947.67
3946
3944.23
3942.35
3940.36
3938.27
3936.06
3933.73
3931.27
3928.69
3925.98
3923.13
3920.13
3916.97
3913.65
3910.16
3906.52
3902.79
3899.02
3895.48
3892.3
3954.84
3953.86
3952.81
3951.69
3950.5
3949.23
3947.88
3946.46
3944.97
3943.38
3941.72
3939.96
3938.11
3936.17
3934.11
3931.97
3929.71
3927.34
3924.86
3922.26
3919.53
3916.65
3913.63
3910.45
3907.1
3903.56
3899.88
3896.12
3892.66
3890.19
3900.66
3904.01
3907.19
3910.25
3913.22
3916.13
3918.99
3921.82
3924.62
3927.39
3930.15
3932.91
3935.66
3938.41
3941.16
3943.89
3946.6
3949.29
3951.97
3954.64
3957.29
3959.93
3962.57
3965.19
3967.81
3970.43
3973.05
3975.7
3978.39
3981.14
3984.07
3987.27
3889.4
3891.1
3894.25
3897.48
3900.56
3903.5
3906.37
3909.16
3911.9
3914.62
3917.31
3919.98
3922.65
3925.31
3927.97
3930.64
3933.3
3935.98
3938.65
3941.3
3943.95
3946.58
3949.2
3951.82
3954.43
3957.04
3959.65
3962.27
3964.89
3967.54
3970.23
3972.99
3975.85
3978.98
3982.55
3887.77
3889.47
3892.38
3895.39
3898.28
3901.06
3903.77
3906.42
3909.05
3911.65
3914.24
3916.81
3919.38
3921.95
3924.52
3927.08
3929.66
3932.24
3934.8
3937.36
3939.91
3942.46
3944.99
3947.52
3950.04
3952.57
3955.09
3957.62
3960.16
3962.72
3965.32
3968
3970.8
3973.9
3977.57
3887.05
3888.92
3891.76
3894.69
3897.51
3900.24
3902.9
3905.52
3908.1
3910.66
3913.21
3915.76
3918.3
3920.83
3923.36
3925.89
3928.43
3930.95
3933.47
3935.98
3938.48
3940.97
3943.44
3945.92
3948.38
3950.83
3953.29
3955.74
3958.2
3960.68
3963.18
3965.73
3968.36
3971.18
3974.24
4041.59
4041.8
4042.01
4042.21
4042.42
4042.62
4042.82
4043.03
4043.23
4043.43
4043.64
4043.84
4044.04
4044.25
4044.45
4044.66
4044.86
4045.06
4045.26
4045.45
4045.64
4045.81
4045.96
4046.1
4046.21
4046.3
4046.37
4046.42
4046.46
4046.49
4041.49
4041.72
4041.96
4042.19
4042.43
4042.65
4042.88
4043.11
4043.33
4043.55
4043.76
4043.98
4044.18
4044.39
4044.59
4044.79
4044.99
4045.18
4045.37
4045.54
4045.71
4045.86
4046
4046.11
4046.21
4046.28
4046.34
4046.38
4046.4
4046.42
4041.13
4041.42
4041.7
4041.99
4042.26
4042.53
4042.8
4043.06
4043.31
4043.56
4043.8
4044.03
4044.26
4044.47
4044.68
4044.88
4045.07
4045.26
4045.44
4045.6
4045.75
4045.89
4046
4046.1
4046.18
4046.24
4046.27
4046.3
4046.31
4046.32
4040.36
4040.73
4041.09
4041.45
4041.8
4042.15
4042.48
4042.8
4043.11
4043.41
4043.7
4043.97
4044.23
4044.47
4044.7
4044.91
4045.11
4045.3
4045.47
4045.62
4045.76
4045.88
4045.97
4046.05
4046.1
4046.14
4046.16
4046.17
4046.17
4046.15
4039.01
4039.48
4039.95
4040.41
4040.87
4041.31
4041.75
4042.16
4042.57
4042.95
4043.31
4043.66
4043.98
4044.27
4044.55
4044.8
4045.02
4045.22
4045.4
4045.55
4045.68
4045.78
4045.86
4045.92
4045.96
4045.98
4045.99
4045.98
4045.95
4045.91
4037.22
4037.81
4038.38
4038.95
4039.52
4040.07
4040.61
4041.14
4041.64
4042.13
4042.59
4043.03
4043.44
4043.81
4044.16
4044.47
4044.74
4044.98
4045.18
4045.35
4045.49
4045.59
4045.67
4045.72
4045.74
4045.75
4045.74
4045.72
4045.67
4045.61
4035.16
4035.83
4036.51
4037.18
4037.85
4038.5
4039.14
4039.77
4040.38
4040.97
4041.53
4042.07
4042.58
4043.05
4043.49
4043.88
4044.23
4044.53
4044.79
4044.99
4045.16
4045.29
4045.37
4045.43
4045.45
4045.45
4045.43
4045.39
4045.32
4045.23
4032.98
4033.73
4034.48
4035.23
4035.97
4036.71
4037.43
4038.15
4038.85
4039.53
4040.19
4040.83
4041.43
4042.01
4042.53
4043.02
4043.46
4043.85
4044.18
4044.45
4044.67
4044.83
4044.95
4045.02
4045.05
4045.05
4045.02
4044.97
4044.89
4044.77
4030.82
4031.63
4032.43
4033.24
4034.04
4034.84
4035.62
4036.4
4037.16
4037.91
4038.65
4039.36
4040.05
4040.71
4041.33
4041.91
4042.44
4042.92
4043.34
4043.69
4043.99
4044.21
4044.38
4044.48
4044.54
4044.55
4044.52
4044.46
4044.36
4044.22
4028.76
4029.61
4030.45
4031.3
4032.14
4032.97
4033.8
4034.62
4035.43
4036.22
4037.01
4037.77
4038.52
4039.24
4039.93
4040.59
4041.2
4041.77
4042.27
4042.72
4043.09
4043.39
4043.62
4043.78
4043.88
4043.91
4043.89
4043.83
4043.72
4043.55
4026.82
4027.69
4028.57
4029.44
4030.3
4031.16
4032.01
4032.85
4033.68
4034.51
4035.32
4036.12
4036.91
4037.67
4038.41
4039.12
4039.79
4040.41
4040.99
4041.5
4041.96
4042.33
4042.63
4042.86
4043.01
4043.09
4043.08
4043.02
4042.9
4042.71
4024.89
4025.77
4026.67
4027.55
4028.43
4029.29
4030.15
4031.01
4031.85
4032.69
4033.52
4034.34
4035.14
4035.93
4036.7
4037.44
4038.15
4038.82
4039.45
4040.02
4040.53
4040.97
4041.34
4041.63
4041.84
4041.97
4042.01
4041.96
4041.85
4041.64
4022.91
4023.81
4024.72
4025.61
4026.49
4027.36
4028.22
4029.06
4029.9
4030.74
4031.57
4032.39
4033.2
4034
4034.79
4035.55
4036.29
4036.99
4037.65
4038.26
4038.81
4039.3
4039.71
4040.05
4040.31
4040.5
4040.59
4040.57
4040.46
4040.26
4020.86
4021.78
4022.7
4023.6
4024.47
4025.33
4026.17
4027
4027.82
4028.63
4029.44
4030.24
4031.04
4031.83
4032.62
4033.39
4034.14
4034.87
4035.55
4036.2
4036.79
4037.33
4037.79
4038.18
4038.48
4038.71
4038.86
4038.91
4038.83
4038.63
4019
4019.95
4020.88
4021.79
4022.66
4023.5
4024.32
4025.12
4025.89
4026.67
4027.43
4028.19
4028.95
4029.7
4030.45
4031.21
4031.95
4032.67
4033.38
4034.04
4034.67
4035.24
4035.75
4036.19
4036.55
4036.83
4037.03
4037.13
4037.08
4036.89
4017.44
4018.43
4019.39
4020.31
4021.17
4022.01
4022.8
4023.57
4024.31
4025.03
4025.74
4026.43
4027.13
4027.82
4028.52
4029.21
4029.91
4030.6
4031.28
4031.95
4032.58
4033.16
4033.7
4034.17
4034.56
4034.89
4035.12
4035.26
4035.26
4035.1
4016.1
4017.14
4018.15
4019.09
4019.98
4020.8
4021.59
4022.32
4023.03
4023.71
4024.36
4024.99
4025.62
4026.24
4026.86
4027.49
4028.1
4028.73
4029.36
4029.98
4030.59
4031.16
4031.7
4032.19
4032.61
4032.95
4033.21
4033.38
4033.43
4033.3
4014.92
4016.04
4017.11
4018.09
4019
4019.84
4020.61
4021.34
4022.02
4022.66
4023.27
4023.85
4024.42
4024.96
4025.5
4026.04
4026.58
4027.12
4027.67
4028.21
4028.76
4029.29
4029.8
4030.28
4030.71
4031.07
4031.36
4031.56
4031.64
4031.55
4013.86
4015.07
4016.21
4017.25
4018.19
4019.05
4019.84
4020.55
4021.22
4021.84
4022.41
4022.96
4023.47
4023.96
4024.43
4024.89
4025.35
4025.8
4026.26
4026.71
4027.17
4027.62
4028.07
4028.5
4028.9
4029.26
4029.56
4029.79
4029.9
4029.86
4012.84
4014.17
4015.41
4016.51
4017.5
4018.39
4019.2
4019.93
4020.59
4021.2
4021.75
4022.26
4022.73
4023.18
4023.6
4024
4024.39
4024.77
4025.14
4025.51
4025.88
4026.24
4026.59
4026.94
4027.28
4027.59
4027.86
4028.09
4028.24
4028.24
4011.83
4013.31
4014.66
4015.84
4016.9
4017.84
4018.67
4019.42
4020.08
4020.69
4021.22
4021.72
4022.16
4022.58
4022.96
4023.32
4023.66
4023.98
4024.28
4024.59
4024.88
4025.16
4025.43
4025.69
4025.95
4026.19
4026.4
4026.59
4026.73
4026.77
4010.76
4012.43
4013.92
4015.23
4016.36
4017.35
4018.22
4019
4019.67
4020.27
4020.81
4021.29
4021.72
4022.11
4022.46
4022.78
4023.09
4023.37
4023.62
4023.87
4024.11
4024.33
4024.54
4024.75
4024.94
4025.11
4025.27
4025.4
4025.5
4025.54
4009.57
4011.47
4013.15
4014.6
4015.84
4016.9
4017.82
4018.62
4019.33
4019.94
4020.46
4020.94
4021.36
4021.73
4022.06
4022.36
4022.63
4022.88
4023.11
4023.32
4023.52
4023.7
4023.86
4024.01
4024.15
4024.28
4024.39
4024.48
4024.55
4024.56
4008.16
4010.37
4012.3
4013.93
4015.3
4016.46
4017.45
4018.29
4019.02
4019.65
4020.19
4020.66
4021.07
4021.44
4021.75
4022.04
4022.29
4022.52
4022.72
4022.9
4023.06
4023.21
4023.35
4023.48
4023.58
4023.67
4023.76
4023.81
4023.86
4023.86
4006.67
4009.24
4011.45
4013.28
4014.8
4016.06
4017.12
4018.02
4018.78
4019.42
4019.98
4020.46
4020.87
4021.22
4021.53
4021.8
4022.04
4022.25
4022.44
4022.6
4022.74
4022.87
4022.99
4023.09
4023.17
4023.24
4023.3
4023.35
4023.37
4023.37
4005.14
4008.1
4010.6
4012.63
4014.31
4015.69
4016.83
4017.78
4018.58
4019.25
4019.82
4020.3
4020.71
4021.07
4021.36
4021.63
4021.86
4022.06
4022.22
4022.38
4022.51
4022.63
4022.72
4022.81
4022.87
4022.93
4022.98
4023.01
4023.02
4023.01
4003.55
4006.9
4009.71
4011.97
4013.81
4015.32
4016.55
4017.56
4018.4
4019.1
4019.68
4020.18
4020.59
4020.94
4021.24
4021.5
4021.72
4021.9
4022.06
4022.21
4022.32
4022.43
4022.51
4022.58
4022.64
4022.69
4022.72
4022.74
4022.74
4022.72
4001.79
4005.58
4008.72
4011.25
4013.28
4014.92
4016.25
4017.33
4018.22
4018.95
4019.56
4020.06
4020.48
4020.84
4021.13
4021.38
4021.59
4021.78
4021.93
4022.06
4022.17
4022.26
4022.34
4022.4
4022.45
4022.49
4022.51
4022.52
4022.51
4022.49
3999.77
4004.05
4007.56
4010.39
4012.64
4014.45
4015.9
4017.07
4018.02
4018.8
4019.43
4019.95
4020.38
4020.74
4021.03
4021.29
4021.5
4021.67
4021.81
4021.93
4022.04
4022.12
4022.19
4022.25
4022.28
4022.31
4022.32
4022.33
4022.31
4022.28
3997.4
4002.22
4006.16
4009.34
4011.87
4013.88
4015.48
4016.77
4017.8
4018.62
4019.29
4019.85
4020.28
4020.65
4020.95
4021.2
4021.4
4021.57
4021.71
4021.83
4021.92
4021.99
4022.06
4022.1
4022.13
4022.16
4022.16
4022.16
4022.14
4022.11
3994.67
4000.06
4004.46
4008.06
4010.91
4013.17
4014.97
4016.39
4017.52
4018.42
4019.14
4019.71
4020.18
4020.55
4020.86
4021.11
4021.31
4021.48
4021.61
4021.73
4021.81
4021.88
4021.93
4021.97
4022
4022.02
4022.02
4022.01
4021.99
4021.95
3991.57
3997.5
4002.37
4006.46
4009.7
4012.27
4014.31
4015.91
4017.17
4018.16
4018.95
4019.57
4020.06
4020.46
4020.77
4021.03
4021.23
4021.4
4021.53
4021.63
4021.71
4021.78
4021.83
4021.86
4021.88
4021.89
4021.89
4021.88
4021.86
4021.82
3988.22
3994.49
3999.81
4004.45
4008.17
4011.13
4013.47
4015.29
4016.73
4017.84
4018.71
4019.39
4019.92
4020.34
4020.67
4020.93
4021.14
4021.31
4021.44
4021.55
4021.62
4021.68
4021.73
4021.75
4021.77
4021.78
4021.78
4021.76
4021.73
4021.7
3984.75
3990.86
3996.63
4001.93
4006.22
4009.66
4012.38
4014.49
4016.13
4017.4
4018.39
4019.15
4019.75
4020.2
4020.55
4020.84
4021.06
4021.22
4021.36
4021.45
4021.53
4021.59
4021.63
4021.65
4021.66
4021.67
4021.66
4021.64
4021.62
4021.59
3979.73
3984.83
3991.85
3998.1
4003.27
4007.44
4010.7
4013.26
4015.23
4016.74
4017.9
4018.79
4019.47
4019.99
4020.4
4020.7
4020.94
4021.12
4021.26
4021.37
4021.45
4021.5
4021.54
4021.56
4021.57
4021.57
4021.56
4021.55
4021.51
4021.48
4031.97
4032.11
4032.2
4032.25
4032.31
4032.38
4032.43
4032.5
4032.57
4032.63
4032.72
4032.8
4032.89
4033
4033.1
4033.22
4033.35
4033.49
4033.63
4033.78
4033.94
4034.1
4034.27
4034.44
4034.6
4034.78
4034.96
4035.13
4035.31
4035.5
4031.65
4031.84
4031.96
4032.04
4032.11
4032.19
4032.25
4032.33
4032.4
4032.48
4032.57
4032.66
4032.76
4032.86
4032.97
4033.09
4033.22
4033.35
4033.49
4033.63
4033.78
4033.94
4034.08
4034.25
4034.41
4034.57
4034.74
4034.9
4035.07
4035.24
4031.3
4031.54
4031.68
4031.78
4031.87
4031.95
4032.03
4032.11
4032.19
4032.27
4032.35
4032.44
4032.53
4032.63
4032.74
4032.85
4032.96
4033.08
4033.2
4033.33
4033.47
4033.6
4033.73
4033.87
4034.01
4034.15
4034.29
4034.44
4034.59
4034.73
4030.9
4031.16
4031.34
4031.45
4031.54
4031.63
4031.71
4031.78
4031.86
4031.94
4032.01
4032.09
4032.17
4032.25
4032.34
4032.43
4032.52
4032.61
4032.71
4032.8
4032.9
4033
4033.1
4033.19
4033.29
4033.39
4033.49
4033.59
4033.7
4033.8
4030.39
4030.7
4030.89
4031.02
4031.11
4031.2
4031.27
4031.34
4031.41
4031.47
4031.54
4031.59
4031.66
4031.72
4031.77
4031.82
4031.87
4031.93
4031.97
4032.02
4032.06
4032.1
4032.14
4032.16
4032.19
4032.21
4032.23
4032.24
4032.25
4032.25
4029.8
4030.16
4030.37
4030.5
4030.6
4030.67
4030.74
4030.79
4030.84
4030.89
4030.93
4030.97
4030.99
4031.02
4031.02
4031.03
4031.03
4031.02
4031
4030.97
4030.93
4030.88
4030.83
4030.75
4030.67
4030.57
4030.46
4030.35
4030.22
4030.09
4029.12
4029.52
4029.76
4029.89
4029.98
4030.04
4030.09
4030.13
4030.16
4030.18
4030.18
4030.18
4030.17
4030.13
4030.09
4030.03
4029.96
4029.88
4029.77
4029.65
4029.51
4029.34
4029.16
4028.97
4028.75
4028.52
4028.27
4028
4027.72
4027.43
4028.31
4028.77
4029.04
4029.18
4029.25
4029.3
4029.33
4029.34
4029.34
4029.32
4029.29
4029.24
4029.17
4029.08
4028.97
4028.83
4028.67
4028.49
4028.29
4028.05
4027.8
4027.52
4027.21
4026.88
4026.52
4026.15
4025.74
4025.33
4024.89
4024.44
4027.38
4027.9
4028.19
4028.33
4028.39
4028.43
4028.43
4028.42
4028.38
4028.32
4028.24
4028.13
4028
4027.84
4027.66
4027.44
4027.19
4026.91
4026.59
4026.25
4025.88
4025.46
4025.03
4024.56
4024.07
4023.55
4023.01
4022.44
4021.87
4021.27
4026.28
4026.87
4027.18
4027.32
4027.37
4027.39
4027.36
4027.31
4027.24
4027.14
4027
4026.83
4026.64
4026.4
4026.14
4025.83
4025.49
4025.1
4024.68
4024.22
4023.72
4023.19
4022.63
4022.02
4021.4
4020.74
4020.07
4019.38
4018.67
4017.94
4024.97
4025.6
4025.93
4026.07
4026.1
4026.08
4026.03
4025.94
4025.82
4025.66
4025.46
4025.23
4024.96
4024.64
4024.28
4023.87
4023.43
4022.93
4022.39
4021.81
4021.18
4020.52
4019.83
4019.1
4018.35
4017.58
4016.78
4015.99
4015.18
4014.39
4023.32
4023.98
4024.32
4024.43
4024.44
4024.39
4024.3
4024.16
4023.98
4023.76
4023.49
4023.19
4022.82
4022.41
4021.96
4021.44
4020.88
4020.27
4019.6
4018.9
4018.15
4017.36
4016.55
4015.7
4014.84
4013.96
4013.08
4012.21
4011.33
4010.48
4021.24
4021.88
4022.21
4022.28
4022.26
4022.17
4022.03
4021.83
4021.59
4021.29
4020.94
4020.55
4020.08
4019.57
4019
4018.37
4017.68
4016.94
4016.16
4015.32
4014.45
4013.55
4012.62
4011.67
4010.71
4009.76
4008.8
4007.86
4006.94
4006.05
4018.72
4019.36
4019.67
4019.75
4019.71
4019.6
4019.41
4019.16
4018.86
4018.49
4018.06
4017.58
4017.02
4016.41
4015.73
4014.99
4014.19
4013.34
4012.43
4011.48
4010.5
4009.48
4008.44
4007.4
4006.33
4005.27
4004.21
4003.16
4002.12
4001.08
4015.96
4016.63
4016.95
4017.06
4017.02
4016.88
4016.65
4016.36
4016.01
4015.58
4015.09
4014.52
4013.88
4013.17
4012.4
4011.55
4010.65
4009.68
4008.68
4007.61
4006.51
4005.38
4004.23
4003.06
4001.87
4000.66
3999.45
3998.23
3997
3995.76
4013.08
4013.78
4014.14
4014.25
4014.21
4014.05
4013.8
4013.47
4013.06
4012.58
4012.02
4011.37
4010.66
4009.86
4009
4008.06
4007.05
4005.98
4004.86
4003.68
4002.46
4001.2
3999.91
3998.59
3997.25
3995.88
3994.49
3993.07
3991.64
3990.18
4010.05
4010.79
4011.17
4011.31
4011.27
4011.09
4010.82
4010.46
4010
4009.47
4008.84
4008.13
4007.34
4006.46
4005.5
4004.47
4003.35
4002.17
4000.94
3999.63
3998.28
3996.89
3995.44
3993.97
3992.44
3990.89
3989.3
3987.69
3986.04
3984.36
4006.84
4007.6
4008.02
4008.18
4008.15
4007.97
4007.68
4007.29
4006.8
4006.22
4005.53
4004.76
4003.89
4002.93
4001.89
4000.75
3999.53
3998.24
3996.88
3995.44
3993.95
3992.4
3990.79
3989.14
3987.43
3985.68
3983.89
3982.06
3980.2
3978.3
4003.43
4004.2
4004.64
4004.83
4004.81
4004.65
4004.35
4003.94
4003.42
4002.8
4002.07
4001.23
4000.29
3999.25
3998.11
3996.88
3995.56
3994.15
3992.65
3991.08
3989.44
3987.72
3985.95
3984.11
3982.21
3980.25
3978.26
3976.2
3974.1
3971.96
3999.85
4000.6
4001.04
4001.24
4001.24
4001.08
4000.79
4000.37
3999.82
3999.17
3998.4
3997.5
3996.5
3995.38
3994.16
3992.82
3991.39
3989.86
3988.23
3986.52
3984.72
3982.84
3980.88
3978.85
3976.76
3974.59
3972.37
3970.09
3967.75
3965.35
3996.13
3996.81
3997.23
3997.41
3997.41
3997.25
3996.94
3996.51
3995.96
3995.28
3994.47
3993.53
3992.46
3991.27
3989.96
3988.53
3986.99
3985.34
3983.58
3981.71
3979.76
3977.71
3975.58
3973.36
3971.05
3968.67
3966.22
3963.7
3961.1
3958.42
3992.3
3992.88
3993.23
3993.36
3993.32
3993.14
3992.82
3992.37
3991.8
3991.09
3990.25
3989.27
3988.15
3986.89
3985.5
3983.98
3982.33
3980.56
3978.67
3976.66
3974.55
3972.33
3970.02
3967.6
3965.09
3962.48
3959.8
3957.02
3954.15
3951.19
3988.43
3988.86
3989.11
3989.16
3989.04
3988.8
3988.45
3987.96
3987.36
3986.61
3985.74
3984.72
3983.55
3982.23
3980.77
3979.17
3977.42
3975.54
3973.52
3971.38
3969.11
3966.72
3964.22
3961.6
3958.88
3956.05
3953.1
3950.06
3946.89
3943.59
3984.81
3985.08
3985.2
3985.13
3984.92
3984.6
3984.17
3983.64
3982.98
3982.2
3981.29
3980.24
3979.03
3977.67
3976.16
3974.5
3972.68
3970.71
3968.59
3966.34
3963.94
3961.4
3958.74
3955.94
3953.02
3949.97
3946.78
3943.42
3939.87
3936.04
3981.71
3981.83
3981.8
3981.61
3981.28
3980.86
3980.34
3979.72
3978.98
3978.14
3977.18
3976.07
3974.82
3973.41
3971.85
3970.13
3968.25
3966.21
3964.02
3961.67
3959.16
)
;

boundaryField
{
    front
    {
        type            wedge;
    }
    back
    {
        type            wedge;
    }
    bottomwall
    {
        type            zeroGradient;
    }
    topwall
    {
        type            zeroGradient;
    }
    reflector
    {
        type            zeroGradient;
    }
    hx
    {
        type            zeroGradient;
    }
}


// ************************************************************************* //
