/*--------------------------------*- C++ -*----------------------------------*\
| =========                 |                                                 |
| \\      /  F ield         | OpenFOAM: The Open Source CFD Toolbox           |
|  \\    /   O peration     | Version:  2406                                  |
|   \\  /    A nd           | Website:  www.openfoam.com                      |
|    \\/     M anipulation  |                                                 |
\*---------------------------------------------------------------------------*/
FoamFile
{
    version     2.0;
    format      ascii;
    arch        "LSB;label=32;scalar=64";
    class       volScalarField;
    location    "0/neutroRegion";
    object      TCool;
}
// * * * * * * * * * * * * * * * * * * * * * * * * * * * * * * * * * * * * * //

dimensions      [0 0 0 1 0 0 0];

internalField   nonuniform List<scalar> 
8595
(
1076.1
1076.09
1076.08
1076.04
1075.99
1075.92
1075.81
1075.66
1075.46
1075.23
1074.99
1074.74
1074.49
1074.21
1073.96
1073.7
1073.36
1072.82
1070.9
1069.39
1067.98
1066.63
1065.3
1063.98
1062.68
1061.38
1060.09
1058.81
1057.53
1056.25
1054.99
1053.73
1052.49
1051.25
1050.02
1048.8
1047.59
1046.4
1045.21
1044.03
1042.86
1041.7
1040.56
1039.42
1038.29
1037.16
1036.04
1034.93
1033.82
1032.72
1031.6
1030.47
1029.32
1028.11
1026.81
1026.84
1026.88
1076.13
1076.16
1076.19
1076.22
1076.22
1076.18
1076.09
1075.92
1075.68
1075.41
1075.11
1074.8
1074.5
1074.21
1073.92
1073.6
1073.2
1072.55
1070.75
1069.23
1067.83
1066.49
1065.17
1063.88
1062.6
1061.32
1060.06
1058.8
1057.55
1056.3
1055.07
1053.84
1052.62
1051.41
1050.21
1049.02
1047.83
1046.66
1045.5
1044.34
1043.2
1042.06
1040.94
1039.82
1038.71
1037.6
1036.5
1035.41
1034.31
1033.22
1032.11
1030.99
1029.83
1028.62
1027.28
1027.14
1027.03
1076.15
1076.21
1076.28
1076.34
1076.38
1076.39
1076.31
1076.13
1075.85
1075.53
1075.16
1074.82
1074.49
1074.16
1073.83
1073.47
1073
1072.26
1070.52
1068.99
1067.59
1066.26
1064.95
1063.66
1062.39
1061.13
1059.87
1058.62
1057.38
1056.15
1054.93
1053.71
1052.5
1051.31
1050.12
1048.94
1047.77
1046.61
1045.46
1044.32
1043.18
1042.06
1040.94
1039.84
1038.74
1037.65
1036.56
1035.48
1034.4
1033.32
1032.23
1031.13
1030
1028.82
1027.52
1027.34
1027.15
1076.16
1076.24
1076.34
1076.45
1076.54
1076.59
1076.52
1076.31
1075.97
1075.6
1075.2
1074.8
1074.42
1074.06
1073.68
1073.26
1072.72
1071.88
1070.17
1068.65
1067.26
1065.93
1064.64
1063.36
1062.09
1060.84
1059.59
1058.35
1057.12
1055.89
1054.68
1053.47
1052.27
1051.08
1049.89
1048.72
1047.56
1046.4
1045.26
1044.12
1042.99
1041.87
1040.76
1039.66
1038.57
1037.48
1036.41
1035.33
1034.26
1033.2
1032.13
1031.05
1029.95
1028.81
1027.59
1027.45
1027.23
1076.17
1076.26
1076.4
1076.55
1076.69
1076.78
1076.69
1076.44
1076.06
1075.62
1075.15
1074.7
1074.27
1073.85
1073.43
1072.95
1072.33
1071.39
1069.69
1068.18
1066.81
1065.5
1064.21
1062.95
1061.7
1060.45
1059.21
1057.98
1056.76
1055.54
1054.33
1053.13
1051.93
1050.75
1049.57
1048.4
1047.24
1046.09
1044.95
1043.82
1042.69
1041.58
1040.47
1039.38
1038.29
1037.21
1036.14
1035.07
1034.01
1032.96
1031.9
1030.85
1029.79
1028.69
1027.54
1027.48
1027.28
1076.18
1076.28
1076.46
1076.66
1076.87
1076.96
1076.83
1076.51
1076.05
1075.53
1074.98
1074.46
1073.97
1073.5
1073.02
1072.48
1071.78
1070.74
1069.05
1067.56
1066.21
1064.92
1063.66
1062.41
1061.18
1059.95
1058.72
1057.5
1056.29
1055.08
1053.87
1052.68
1051.49
1050.31
1049.14
1047.97
1046.82
1045.67
1044.54
1043.41
1042.29
1041.18
1040.08
1038.99
1037.91
1036.83
1035.77
1034.71
1033.66
1032.62
1031.59
1030.56
1029.53
1028.49
1027.41
1027.45
1027.32
1076.21
1076.34
1076.57
1076.86
1077.12
1077.14
1076.91
1076.46
1075.87
1075.23
1074.59
1073.99
1073.44
1072.92
1072.4
1071.8
1071.04
1069.91
1068.24
1066.77
1065.45
1064.19
1062.95
1061.73
1060.51
1059.3
1058.09
1056.88
1055.68
1054.48
1053.29
1052.1
1050.92
1049.75
1048.59
1047.43
1046.28
1045.14
1044.01
1042.89
1041.77
1040.67
1039.57
1038.49
1037.41
1036.34
1035.29
1034.24
1033.2
1032.18
1031.17
1030.17
1029.18
1028.2
1027.2
1027.38
1027.32
1076.36
1076.53
1076.89
1077.3
1077.47
1077.3
1076.84
1076.17
1075.4
1074.6
1073.85
1073.16
1072.55
1072
1071.45
1070.82
1070.02
1068.86
1067.21
1065.79
1064.51
1063.27
1062.06
1060.86
1059.67
1058.48
1057.29
1056.1
1054.91
1053.73
1052.55
1051.38
1050.21
1049.04
1047.89
1046.74
1045.6
1044.47
1043.34
1042.23
1041.12
1040.02
1038.93
1037.86
1036.79
1035.73
1034.68
1033.65
1032.63
1031.62
1030.64
1029.68
1028.74
1027.82
1026.92
1027.25
1027.31
1077.13
1077.32
1077.93
1078.1
1077.85
1077.25
1076.41
1075.42
1074.39
1073.41
1072.53
1071.77
1071.14
1070.58
1070.04
1069.43
1068.66
1067.54
1065.94
1064.6
1063.35
1062.16
1060.97
1059.8
1058.64
1057.47
1056.31
1055.14
1053.97
1052.81
1051.64
1050.48
1049.32
1048.17
1047.03
1045.89
1044.76
1043.63
1042.52
1041.41
1040.31
1039.22
1038.14
1037.07
1036.01
1034.97
1033.93
1032.91
1031.91
1030.93
1029.98
1029.06
1028.18
1027.35
1026.56
1027.08
1027.28
1079.92
1079.92
1079.47
1078.72
1077.71
1076.5
1075.18
1073.83
1072.55
1071.41
1070.44
1069.65
1069.03
1068.52
1068.06
1067.54
1066.9
1065.93
1064.44
1063.18
1061.97
1060.8
1059.66
1058.53
1057.4
1056.27
1055.13
1053.99
1052.85
1051.7
1050.56
1049.41
1048.27
1047.13
1046
1044.87
1043.75
1042.64
1041.53
1040.43
1039.34
1038.26
1037.2
1036.14
1035.09
1034.05
1033.03
1032.03
1031.05
1030.1
1029.19
1028.32
1027.51
1026.76
1026.1
1026.85
1027.22
993.77
993.44
993.161
992.921
992.705
992.503
992.309
992.117
991.932
991.752
995.419
994.781
994.249
993.801
993.412
993.059
992.72
992.377
992.02
991.672
996.967
996.013
995.221
994.567
994.02
993.546
993.108
992.661
992.163
991.629
998.275
997.239
996.372
995.655
995.063
994.562
994.113
993.659
993.13
992.517
999.359
998.278
997.366
996.607
995.98
995.456
994.992
994.53
993.985
993.346
1000.34
999.221
998.278
997.489
996.836
996.293
995.818
995.351
994.798
994.143
1001.24
1000.1
999.135
998.325
997.654
997.097
996.613
996.142
995.586
994.924
1002.1
1000.94
999.961
999.135
998.45
997.883
997.393
996.919
996.363
995.699
1002.94
1001.76
1000.77
999.931
999.236
998.66
998.165
997.69
997.136
996.473
1003.76
1002.58
1001.57
1000.72
1000.02
999.435
998.935
998.459
997.909
997.249
1004.58
1003.38
1002.37
1001.51
1000.8
1000.21
999.707
999.23
998.684
998.029
1005.39
1004.19
1003.17
1002.3
1001.58
1000.99
1000.48
1000
999.462
998.813
1006.21
1005
1003.97
1003.1
1002.37
1001.77
1001.26
1000.78
1000.25
999.602
1007.04
1005.82
1004.78
1003.9
1003.16
1002.56
1002.05
1001.57
1001.03
1000.4
1007.87
1006.64
1005.59
1004.7
1003.96
1003.35
1002.83
1002.36
1001.83
1001.2
1008.7
1007.47
1006.41
1005.51
1004.77
1004.15
1003.63
1003.15
1002.63
1002
1009.54
1008.3
1007.23
1006.33
1005.58
1004.95
1004.43
1003.95
1003.43
1002.82
1010.39
1009.14
1008.06
1007.15
1006.39
1005.77
1005.24
1004.76
1004.24
1003.63
1011.25
1009.99
1008.9
1007.98
1007.21
1006.58
1006.05
1005.57
1005.06
1004.46
1012.11
1010.84
1009.75
1008.82
1008.04
1007.4
1006.87
1006.38
1005.88
1005.29
1012.97
1011.7
1010.6
1009.66
1008.88
1008.23
1007.69
1007.21
1006.7
1006.12
1013.84
1012.56
1011.45
1010.51
1009.72
1009.07
1008.52
1008.03
1007.54
1006.96
1014.72
1013.43
1012.32
1011.36
1010.56
1009.91
1009.36
1008.87
1008.37
1007.81
1015.6
1014.31
1013.19
1012.22
1011.41
1010.75
1010.2
1009.71
1009.22
1008.66
1016.49
1015.19
1014.06
1013.09
1012.27
1011.6
1011.04
1010.55
1010.06
1009.51
1017.38
1016.08
1014.94
1013.96
1013.14
1012.46
1011.89
1011.4
1010.92
1010.37
1018.27
1016.97
1015.82
1014.83
1014.01
1013.32
1012.75
1012.26
1011.78
1011.24
1019.16
1017.86
1016.71
1015.72
1014.88
1014.19
1013.62
1013.12
1012.64
1012.12
1020.05
1018.75
1017.6
1016.6
1015.76
1015.06
1014.49
1013.99
1013.51
1013
1020.94
1019.64
1018.49
1017.49
1016.64
1015.94
1015.36
1014.86
1014.39
1013.89
1021.82
1020.52
1019.37
1018.38
1017.53
1016.83
1016.24
1015.74
1015.28
1014.78
1022.68
1021.4
1020.26
1019.27
1018.42
1017.72
1017.13
1016.64
1016.18
1015.69
1023.53
1022.26
1021.14
1020.15
1019.31
1018.61
1018.03
1017.54
1017.08
1016.61
1024.35
1023.1
1022
1021.03
1020.21
1019.52
1018.94
1018.45
1018.01
1017.55
1025.13
1023.92
1022.85
1021.91
1021.1
1020.42
1019.86
1019.38
1018.95
1018.52
1025.85
1024.69
1023.66
1022.76
1021.99
1021.34
1020.79
1020.34
1019.93
1019.52
1026.49
1025.4
1024.44
1023.6
1022.88
1022.27
1021.76
1021.33
1020.95
1020.57
1027.03
1026.03
1025.17
1024.41
1023.77
1023.22
1022.76
1022.38
1022.04
1021.71
1027.46
1026.58
1025.83
1025.19
1024.66
1024.22
1023.85
1023.55
1023.28
1023
1027.62
1026.91
1026.33
1025.87
1025.51
1025.23
1025.03
1024.88
1024.8
1024.79
1025.33
1024.91
1024.63
1024.45
1024.35
1024.31
1024.3
1024.3
1024.3
1024.31
1023.46
1023.27
1023.2
1023.21
1023.28
1023.37
1023.47
1023.6
1023.76
1023.97
1022.23
1022.22
1022.3
1022.43
1022.58
1022.77
1022.98
1023.19
1023.41
1023.69
1021.54
1021.66
1021.82
1022.02
1022.23
1022.47
1022.7
1022.93
1023.17
1023.48
1021.22
1021.41
1021.63
1021.85
1022.08
1022.31
1022.54
1022.77
1023.01
1023.31
1021.1
1021.35
1021.58
1021.81
1022.03
1022.24
1022.45
1022.66
1022.89
1023.17
1021.1
1021.37
1021.61
1021.82
1022.02
1022.21
1022.4
1022.59
1022.79
1023.05
1021.12
1021.41
1021.64
1021.84
1022.03
1022.2
1022.37
1022.53
1022.72
1022.95
1021.15
1021.45
1021.68
1021.87
1022.04
1022.2
1022.35
1022.49
1022.65
1022.86
1021.19
1021.5
1021.73
1021.91
1022.06
1022.2
1022.34
1022.47
1022.61
1022.78
1021.25
1021.57
1021.79
1021.96
1022.1
1022.22
1022.33
1022.45
1022.57
1022.72
1021.34
1021.67
1021.88
1022.03
1022.14
1022.25
1022.34
1022.44
1022.54
1022.67
1021.46
1021.8
1021.98
1022.11
1022.2
1022.29
1022.36
1022.44
1022.52
1022.62
1021.6
1021.95
1022.11
1022.21
1022.28
1022.34
1022.39
1022.45
1022.51
1022.59
1021.75
1022.11
1022.24
1022.31
1022.35
1022.39
1022.43
1022.47
1022.52
1022.57
1021.83
1022.25
1022.37
1022.41
1022.43
1022.45
1022.48
1022.5
1022.53
1022.56
1021.51
1022.26
1022.44
1022.48
1022.49
1022.5
1022.51
1022.52
1022.53
1022.55
1013.59
1013.33
1013.18
1013.09
1013.01
1012.96
1012.91
1012.88
1012.85
1012.82
1012.78
1014.14
1013.77
1013.55
1013.41
1013.31
1013.24
1013.19
1013.16
1013.13
1013.12
1013.11
1014.78
1014.3
1014.02
1013.84
1013.72
1013.64
1013.58
1013.54
1013.52
1013.51
1013.5
1015.56
1014.96
1014.6
1014.38
1014.23
1014.12
1014.05
1014
1013.98
1013.97
1013.97
1016.53
1015.78
1015.31
1015.02
1014.82
1014.68
1014.59
1014.54
1014.51
1014.51
1014.53
1017.64
1016.72
1016.12
1015.74
1015.49
1015.32
1015.21
1015.14
1015.12
1015.13
1015.19
1018.91
1017.8
1017.06
1016.58
1016.27
1016.06
1015.92
1015.85
1015.83
1015.87
1015.96
1020.37
1019.06
1018.16
1017.57
1017.18
1016.92
1016.76
1016.68
1016.67
1016.73
1016.87
1022.02
1020.52
1019.45
1018.73
1018.25
1017.94
1017.75
1017.67
1017.67
1017.75
1017.94
1023.87
1022.19
1020.96
1020.11
1019.53
1019.15
1018.93
1018.83
1018.85
1018.96
1019.2
1025.95
1024.14
1022.75
1021.77
1021.09
1020.65
1020.39
1020.28
1020.31
1020.46
1020.74
1028.38
1026.48
1024.97
1023.88
1023.1
1022.59
1022.28
1022.16
1022.2
1022.37
1022.7
1031.31
1029.34
1027.75
1026.56
1025.72
1025.14
1024.8
1024.66
1024.7
1024.88
1025.22
1034.86
1032.84
1031.16
1029.89
1028.96
1028.32
1027.93
1027.74
1027.75
1027.92
1028.27
1038.74
1036.69
1034.95
1033.6
1032.59
1031.88
1031.41
1031.17
1031.14
1031.29
1031.63
1042.71
1040.67
1038.9
1037.5
1036.43
1035.65
1035.13
1034.83
1034.75
1034.86
1035.16
1046.73
1044.74
1042.97
1041.55
1040.44
1039.62
1039.05
1038.7
1038.58
1038.64
1038.89
1050.76
1048.85
1047.12
1045.71
1044.6
1043.76
1043.16
1042.78
1042.61
1042.64
1042.84
1054.78
1052.97
1051.31
1049.95
1048.87
1048.04
1047.44
1047.05
1046.85
1046.84
1047.01
1058.76
1057.07
1055.52
1054.24
1053.21
1052.42
1051.85
1051.46
1051.25
1051.23
1051.38
1062.68
1061.13
1059.7
1058.53
1057.59
1056.87
1056.34
1055.98
1055.79
1055.77
1055.92
1066.51
1065.11
1063.83
1062.78
1061.95
1061.32
1060.86
1060.56
1060.4
1060.41
1060.56
1070.23
1068.98
1067.86
1066.96
1066.26
1065.74
1065.37
1065.14
1065.04
1065.07
1065.24
1073.71
1072.59
1071.6
1070.83
1070.25
1069.83
1069.55
1069.39
1069.34
1069.41
1069.61
1076.7
1075.67
1074.8
1074.13
1073.64
1073.31
1073.1
1073
1073
1073.12
1073.34
1079.26
1078.31
1077.52
1076.94
1076.54
1076.27
1076.13
1076.09
1076.14
1076.3
1076.55
1081.56
1080.67
1079.96
1079.46
1079.13
1078.93
1078.84
1078.86
1078.96
1079.15
1079.43
1083.76
1082.93
1082.3
1081.87
1081.61
1081.47
1081.44
1081.5
1081.65
1081.87
1082.17
1085.98
1085.2
1084.64
1084.28
1084.09
1084.01
1084.03
1084.14
1084.32
1084.58
1084.9
1088.27
1087.53
1087.03
1086.75
1086.61
1086.58
1086.65
1086.8
1087.02
1087.3
1087.65
1090.71
1090.01
1089.57
1089.33
1089.24
1089.26
1089.37
1089.56
1089.8
1090.1
1090.46
1093.37
1092.74
1092.36
1092.18
1092.13
1092.19
1092.32
1092.53
1092.79
1093.11
1093.48
1096.32
1095.87
1095.62
1095.52
1095.53
1095.62
1095.79
1096.01
1096.28
1096.6
1096.97
1099.49
1099.43
1099.45
1099.55
1099.7
1099.9
1100.14
1100.41
1100.72
1101.05
1101.41
1102.16
1102.47
1102.79
1103.12
1103.47
1103.83
1104.21
1104.59
1104.99
1105.4
1105.82
1027.2
1027.14
1027.06
1026.94
1026.78
1026.57
1026.32
1026
1025.62
1025.13
1024.47
1023.56
1022.35
1020.97
1019.45
1017.8
1016.07
1014.27
1012.42
1010.42
1007.58
1005.36
1003.31
1001.46
999.968
998.768
997.785
996.933
996.192
995.557
995.02
994.576
994.221
993.995
993.858
1026.76
1026.6
1026.39
1026.14
1025.83
1025.47
1025.05
1024.56
1024.01
1023.35
1022.53
1021.48
1020.21
1018.85
1017.44
1015.99
1014.52
1013.04
1011.55
1009.93
1007.97
1006.33
1004.75
1003.27
1002.02
1000.94
1000.01
999.167
998.398
997.707
997.098
996.567
996.116
995.805
995.591
1025.92
1025.59
1025.17
1024.7
1024.17
1023.59
1022.97
1022.32
1021.63
1020.87
1020.01
1019.01
1017.89
1016.75
1015.61
1014.46
1013.3
1012.13
1010.95
1009.76
1008.46
1007.25
1006.12
1005.1
1004.19
1003.36
1002.58
1001.82
1001.06
1000.31
999.569
998.843
998.143
997.612
997.242
1026.51
1026.06
1025.55
1024.99
1024.4
1023.78
1023.14
1022.48
1021.8
1021.07
1020.26
1019.32
1018.26
1017.18
1016.08
1014.98
1013.87
1012.75
1011.61
1010.46
1009.23
1008.07
1007
1006.05
1005.22
1004.47
1003.77
1003.08
1002.4
1001.72
1001.04
1000.36
999.676
999.1
998.649
1027.19
1026.67
1026.09
1025.49
1024.87
1024.22
1023.57
1022.9
1022.23
1021.51
1020.71
1019.8
1018.78
1017.73
1016.66
1015.59
1014.51
1013.42
1012.32
1011.22
1010.06
1008.94
1007.9
1006.99
1006.2
1005.49
1004.82
1004.16
1003.5
1002.85
1002.2
1001.56
1000.9
1000.32
999.826
1027.92
1027.36
1026.76
1026.13
1025.49
1024.83
1024.16
1023.49
1022.82
1022.11
1021.33
1020.43
1019.42
1018.38
1017.34
1016.28
1015.22
1014.15
1013.08
1011.99
1010.89
1009.8
1008.78
1007.89
1007.12
1006.43
1005.78
1005.13
1004.49
1003.85
1003.21
1002.58
1001.97
1001.42
1000.91
1028.72
1028.14
1027.52
1026.88
1026.22
1025.55
1024.88
1024.21
1023.53
1022.83
1022.05
1021.16
1020.15
1019.12
1018.08
1017.04
1015.99
1014.93
1013.87
1012.8
1011.73
1010.65
1009.64
1008.76
1008.01
1007.33
1006.68
1006.05
1005.41
1004.77
1004.14
1003.51
1002.92
1002.4
1001.91
1029.57
1029
1028.37
1027.72
1027.04
1026.36
1025.69
1025.01
1024.33
1023.62
1022.84
1021.96
1020.95
1019.92
1018.88
1017.84
1016.79
1015.74
1014.68
1013.62
1012.56
1011.5
1010.5
1009.62
1008.87
1008.2
1007.56
1006.92
1006.29
1005.65
1005.02
1004.39
1003.8
1003.31
1002.85
1030.47
1029.91
1029.27
1028.6
1027.92
1027.23
1026.55
1025.87
1025.18
1024.47
1023.7
1022.81
1021.8
1020.76
1019.72
1018.68
1017.63
1016.58
1015.53
1014.46
1013.4
1012.35
1011.35
1010.48
1009.73
1009.06
1008.42
1007.78
1007.15
1006.51
1005.88
1005.24
1004.66
1004.17
1003.74
1031.41
1030.86
1030.21
1029.53
1028.84
1028.15
1027.46
1026.77
1026.08
1025.37
1024.59
1023.69
1022.68
1021.64
1020.59
1019.55
1018.5
1017.45
1016.39
1015.32
1014.26
1013.21
1012.21
1011.34
1010.59
1009.92
1009.27
1008.63
1007.99
1007.36
1006.72
1006.08
1005.5
1005.02
1004.6
1032.38
1031.83
1031.18
1030.49
1029.79
1029.09
1028.4
1027.7
1027.01
1026.29
1025.51
1024.61
1023.59
1022.54
1021.49
1020.44
1019.39
1018.33
1017.26
1016.2
1015.13
1014.07
1013.07
1012.2
1011.45
1010.77
1010.13
1009.48
1008.84
1008.2
1007.56
1006.92
1006.33
1005.85
1005.45
1033.37
1032.84
1032.17
1031.48
1030.77
1030.06
1029.36
1028.66
1027.96
1027.24
1026.45
1025.55
1024.52
1023.46
1022.41
1021.35
1020.29
1019.23
1018.16
1017.08
1016.01
1014.95
1013.94
1013.07
1012.31
1011.63
1010.98
1010.34
1009.69
1009.04
1008.4
1007.75
1007.16
1006.68
1006.28
1034.38
1033.85
1033.18
1032.48
1031.77
1031.05
1030.34
1029.64
1028.93
1028.21
1027.41
1026.5
1025.47
1024.4
1023.34
1022.28
1021.21
1020.14
1019.06
1017.98
1016.9
1015.83
1014.82
1013.94
1013.18
1012.5
1011.84
1011.19
1010.54
1009.89
1009.24
1008.59
1008
1007.52
1007.12
1035.41
1034.89
1034.21
1033.5
1032.78
1032.06
1031.34
1030.63
1029.92
1029.19
1028.39
1027.47
1026.43
1025.36
1024.28
1023.21
1022.14
1021.06
1019.98
1018.89
1017.8
1016.73
1015.71
1014.82
1014.06
1013.37
1012.71
1012.06
1011.4
1010.75
1010.09
1009.44
1008.84
1008.35
1007.95
1036.46
1035.93
1035.25
1034.53
1033.8
1033.07
1032.35
1031.64
1030.92
1030.19
1029.38
1028.46
1027.41
1026.32
1025.24
1024.16
1023.08
1022
1020.9
1019.81
1018.71
1017.63
1016.6
1015.71
1014.94
1014.25
1013.58
1012.92
1012.26
1011.61
1010.95
1010.29
1009.69
1009.2
1008.79
1037.52
1036.99
1036.29
1035.57
1034.84
1034.1
1033.38
1032.66
1031.94
1031.19
1030.38
1029.45
1028.39
1027.3
1026.21
1025.13
1024.04
1022.94
1021.84
1020.74
1019.63
1018.54
1017.51
1016.61
1015.83
1015.13
1014.47
1013.8
1013.14
1012.47
1011.81
1011.15
1010.54
1010.05
1009.64
1038.59
1038.06
1037.35
1036.62
1035.88
1035.14
1034.41
1033.68
1032.96
1032.21
1031.39
1030.45
1029.39
1028.29
1027.19
1026.1
1025
1023.89
1022.78
1021.67
1020.56
1019.46
1018.42
1017.51
1016.73
1016.03
1015.36
1014.69
1014.01
1013.35
1012.68
1012.01
1011.4
1010.9
1010.49
1039.67
1039.13
1038.42
1037.68
1036.94
1036.19
1035.46
1034.72
1033.99
1033.24
1032.41
1031.47
1030.39
1029.28
1028.18
1027.08
1025.97
1024.86
1023.74
1022.62
1021.5
1020.39
1019.34
1018.43
1017.64
1016.93
1016.25
1015.58
1014.9
1014.23
1013.55
1012.88
1012.27
1011.77
1011.35
1040.76
1040.22
1039.5
1038.75
1038
1037.25
1036.51
1035.77
1035.03
1034.27
1033.44
1032.49
1031.41
1030.29
1029.18
1028.06
1026.95
1025.83
1024.7
1023.57
1022.44
1021.32
1020.27
1019.35
1018.55
1017.84
1017.16
1016.47
1015.79
1015.11
1014.44
1013.76
1013.14
1012.64
1012.22
1041.86
1041.31
1040.58
1039.83
1039.07
1038.32
1037.57
1036.82
1036.08
1035.32
1034.48
1033.52
1032.43
1031.3
1030.18
1029.06
1027.94
1026.8
1025.67
1024.53
1023.39
1022.26
1021.2
1020.27
1019.48
1018.75
1018.07
1017.38
1016.69
1016.01
1015.33
1014.65
1014.03
1013.52
1013.09
1042.97
1042.41
1041.68
1040.92
1040.15
1039.39
1038.63
1037.89
1037.14
1036.37
1035.52
1034.55
1033.45
1032.32
1031.19
1030.06
1028.93
1027.79
1026.64
1025.5
1024.35
1023.21
1022.14
1021.21
1020.4
1019.68
1018.98
1018.29
1017.6
1016.91
1016.22
1015.54
1014.91
1014.4
1013.97
1044.09
1043.52
1042.78
1042.01
1041.24
1040.47
1039.71
1038.95
1038.2
1037.42
1036.57
1035.59
1034.49
1033.34
1032.21
1031.07
1029.93
1028.78
1027.63
1026.47
1025.31
1024.16
1023.08
1022.15
1021.34
1020.6
1019.9
1019.21
1018.51
1017.81
1017.12
1016.43
1015.81
1015.29
1014.86
1045.21
1044.63
1043.88
1043.1
1042.33
1041.55
1040.79
1040.03
1039.27
1038.48
1037.62
1036.64
1035.52
1034.37
1033.23
1032.08
1030.93
1029.77
1028.61
1027.44
1026.28
1025.12
1024.03
1023.09
1022.27
1021.54
1020.83
1020.13
1019.42
1018.72
1018.03
1017.34
1016.71
1016.19
1015.75
1046.34
1045.75
1044.99
1044.21
1043.42
1042.64
1041.87
1041.1
1040.34
1039.55
1038.68
1037.69
1036.57
1035.41
1034.25
1033.1
1031.94
1030.77
1029.6
1028.43
1027.25
1026.08
1024.99
1024.04
1023.22
1022.47
1021.76
1021.05
1020.34
1019.64
1018.94
1018.24
1017.61
1017.09
1016.65
1047.47
1046.87
1046.1
1045.31
1044.52
1043.73
1042.95
1042.18
1041.41
1040.62
1039.74
1038.74
1037.61
1036.44
1035.28
1034.12
1032.95
1031.77
1030.59
1029.41
1028.22
1027.05
1025.94
1024.99
1024.16
1023.41
1022.69
1021.98
1021.27
1020.56
1019.85
1019.15
1018.52
1018
1017.55
1048.61
1047.99
1047.21
1046.41
1045.62
1044.82
1044.04
1043.26
1042.49
1041.69
1040.8
1039.8
1038.66
1037.48
1036.31
1035.14
1033.96
1032.77
1031.58
1030.39
1029.19
1028.01
1026.9
1025.94
1025.11
1024.35
1023.63
1022.91
1022.19
1021.47
1020.77
1020.06
1019.43
1018.91
1018.45
1049.74
1049.11
1048.33
1047.52
1046.71
1045.91
1045.12
1044.34
1043.56
1042.75
1041.86
1040.85
1039.7
1038.52
1037.34
1036.15
1034.97
1033.77
1032.57
1031.37
1030.17
1028.97
1027.85
1026.89
1026.05
1025.29
1024.56
1023.84
1023.11
1022.39
1021.68
1020.98
1020.34
1019.82
1019.36
1050.88
1050.24
1049.44
1048.62
1047.81
1047
1046.2
1045.42
1044.63
1043.82
1042.92
1041.9
1040.74
1039.55
1038.36
1037.17
1035.97
1034.77
1033.56
1032.35
1031.13
1029.93
1028.8
1027.83
1026.99
1026.22
1025.49
1024.76
1024.03
1023.31
1022.59
1021.89
1021.26
1020.73
1020.27
1052.01
1051.35
1050.54
1049.72
1048.9
1048.08
1047.28
1046.49
1045.7
1044.88
1043.97
1042.94
1041.77
1040.57
1039.38
1038.17
1036.97
1035.75
1034.53
1033.31
1032.09
1030.88
1029.74
1028.77
1027.92
1027.15
1026.41
1025.68
1024.95
1024.22
1023.5
1022.79
1022.16
1021.63
1021.17
1053.14
1052.47
1051.64
1050.81
1049.98
1049.16
1048.35
1047.55
1046.75
1045.92
1045.02
1043.98
1042.8
1041.59
1040.38
1039.17
1037.95
1036.73
1035.5
1034.27
1033.03
1031.81
1030.67
1029.69
1028.84
1028.06
1027.32
1026.58
1025.85
1025.12
1024.4
1023.69
1023.06
1022.53
1022.07
1054.26
1053.57
1052.74
1051.89
1051.05
1050.22
1049.41
1048.6
1047.8
1046.96
1046.05
1045
1043.81
1042.59
1041.37
1040.14
1038.92
1037.68
1036.44
1035.2
1033.96
1032.73
1031.58
1030.59
1029.74
1028.96
1028.21
1027.47
1026.73
1026
1025.28
1024.57
1023.95
1023.42
1022.96
1055.37
1054.66
1053.82
1052.96
1052.11
1051.28
1050.45
1049.63
1048.82
1047.98
1047.06
1046
1044.8
1043.57
1042.34
1041.1
1039.86
1038.61
1037.36
1036.11
1034.85
1033.61
1032.45
1031.47
1030.61
1029.83
1029.08
1028.33
1027.6
1026.86
1026.14
1025.43
1024.82
1024.29
1023.83
1056.47
1055.75
1054.88
1054.02
1053.16
1052.31
1051.47
1050.65
1049.83
1048.98
1048.05
1046.98
1045.77
1044.52
1043.27
1042.02
1040.77
1039.5
1038.24
1036.97
1035.71
1034.46
1033.29
1032.3
1031.44
1030.66
1029.91
1029.16
1028.42
1027.69
1026.97
1026.27
1025.65
1025.14
1024.68
1057.55
1056.82
1055.94
1055.06
1054.19
1053.33
1052.48
1051.65
1050.82
1049.96
1049.02
1047.94
1046.71
1045.44
1044.17
1042.9
1041.63
1040.35
1039.07
1037.79
1036.52
1035.25
1034.08
1033.08
1032.22
1031.44
1030.68
1029.94
1029.2
1028.47
1027.75
1027.06
1026.45
1025.95
1025.5
1058.62
1057.88
1056.99
1056.09
1055.2
1054.33
1053.47
1052.62
1051.78
1050.91
1049.95
1048.85
1047.6
1046.32
1045.03
1043.73
1042.44
1041.14
1039.84
1038.54
1037.25
1035.98
1034.79
1033.79
1032.92
1032.14
1031.39
1030.64
1029.91
1029.19
1028.48
1027.79
1027.2
1026.7
1026.26
1059.69
1058.94
1058.03
1057.12
1056.21
1055.31
1054.43
1053.57
1052.71
1051.83
1050.85
1049.73
1048.46
1047.14
1045.82
1044.5
1043.17
1041.85
1040.52
1039.2
1037.89
1036.6
1035.41
1034.4
1033.53
1032.75
1032
1031.26
1030.53
1029.81
1029.11
1028.44
1027.87
1027.39
1026.96
1060.78
1060.02
1059.08
1058.15
1057.21
1056.29
1055.38
1054.49
1053.61
1052.71
1051.71
1050.56
1049.25
1047.89
1046.53
1045.17
1043.81
1042.45
1041.1
1039.75
1038.42
1037.11
1035.9
1034.88
1034.01
1033.23
1032.48
1031.74
1031.02
1030.32
1029.64
1028.98
1028.43
1027.97
1027.56
1061.88
1061.1
1060.15
1059.19
1058.22
1057.26
1056.31
1055.39
1054.48
1053.55
1052.52
1051.33
1049.97
1048.57
1047.15
1045.74
1044.33
1042.93
1041.53
1040.14
1038.78
1037.44
1036.22
1035.2
1034.32
1033.54
1032.79
1032.06
1031.36
1030.67
1030.01
1029.38
1028.85
1028.42
1028.03
1063.07
1062.27
1061.27
1060.25
1059.25
1058.24
1057.23
1056.28
1055.33
1054.36
1053.28
1052.04
1050.61
1049.12
1047.63
1046.14
1044.66
1043.19
1041.74
1040.3
1038.88
1037.51
1036.25
1035.2
1034.32
1033.54
1032.81
1032.1
1031.43
1030.77
1030.15
1029.57
1029.09
1028.7
1028.36
1064.45
1063.57
1062.47
1061.37
1060.28
1059.2
1058.14
1057.12
1056.11
1055.07
1053.92
1052.6
1051.08
1049.5
1047.92
1046.35
1044.79
1043.24
1041.71
1040.2
1038.73
1037.31
1036.02
1034.96
1034.06
1033.28
1032.56
1031.86
1031.21
1030.58
1030
1029.46
1029.02
1028.67
1028.37
1065.3
1064.29
1063.03
1061.78
1060.54
1059.33
1058.17
1057.03
1055.9
1054.73
1053.44
1051.95
1050.23
1048.43
1046.64
1044.85
1043.07
1041.31
1039.57
1037.87
1036.21
1034.62
1033.19
1032.03
1031.08
1030.26
1029.52
1028.84
1028.21
1027.64
1027.13
1026.67
1026.32
1026.05
1025.84
1065.83
1064.73
1063.36
1062
1060.67
1059.37
1058.12
1056.88
1055.64
1054.36
1052.94
1051.29
1049.39
1047.39
1045.38
1043.38
1041.39
1039.43
1037.49
1035.6
1033.77
1032.03
1030.49
1029.25
1028.27
1027.45
1026.74
1026.11
1025.55
1025.07
1024.66
1024.31
1024.05
1023.88
1023.74
1066.23
1065.05
1063.6
1062.18
1060.79
1059.42
1058.09
1056.76
1055.43
1054.05
1052.52
1050.74
1048.67
1046.48
1044.28
1042.09
1039.92
1037.77
1035.66
1033.6
1031.61
1029.74
1028.11
1026.85
1025.88
1025.11
1024.47
1023.94
1023.49
1023.13
1022.85
1022.63
1022.48
1022.39
1022.33
1066.57
1065.33
1063.83
1062.36
1060.93
1059.52
1058.12
1056.72
1055.31
1053.84
1052.21
1050.32
1048.11
1045.75
1043.39
1041.04
1038.7
1036.39
1034.12
1031.91
1029.79
1027.81
1026.14
1024.89
1023.97
1023.29
1022.77
1022.36
1022.05
1021.82
1021.67
1021.57
1021.53
1021.51
1021.52
1066.96
1065.68
1064.14
1062.63
1061.16
1059.7
1058.25
1056.79
1055.31
1053.76
1052.05
1050.06
1047.73
1045.23
1042.72
1040.23
1037.75
1035.3
1032.9
1030.56
1028.33
1026.28
1024.58
1023.37
1022.54
1021.97
1021.57
1021.3
1021.12
1021.02
1020.98
1020.99
1021.02
1021.06
1021.11
1067.47
1066.16
1064.59
1063.04
1061.53
1060.02
1058.51
1056.98
1055.44
1053.83
1052.04
1049.98
1047.55
1044.92
1042.29
1039.68
1037.08
1034.51
1031.99
1029.55
1027.24
1025.13
1023.42
1022.24
1021.5
1021.04
1020.76
1020.61
1020.54
1020.55
1020.61
1020.7
1020.79
1020.87
1020.94
1068.16
1066.83
1065.23
1063.65
1062.08
1060.52
1058.94
1057.35
1055.73
1054.05
1052.2
1050.05
1047.54
1044.83
1042.11
1039.39
1036.69
1034.01
1031.41
1028.89
1026.5
1024.34
1022.6
1021.44
1020.76
1020.39
1020.2
1020.14
1020.18
1020.27
1020.41
1020.56
1020.7
1020.81
1020.9
1069.05
1067.71
1066.08
1064.45
1062.83
1061.21
1059.57
1057.92
1056.24
1054.48
1052.55
1050.33
1047.74
1044.93
1042.11
1039.3
1036.52
1033.79
1031.11
1028.53
1026.09
1023.87
1022.07
1020.89
1020.23
1019.89
1019.76
1019.78
1019.89
1020.07
1020.27
1020.48
1020.66
1020.79
1020.9
1070.17
1068.82
1067.13
1065.45
1063.77
1062.1
1060.4
1058.68
1056.93
1055.11
1053.11
1050.81
1048.14
1045.24
1042.32
1039.43
1036.57
1033.76
1031.03
1028.39
1025.9
1023.64
1021.78
1020.53
1019.83
1019.48
1019.38
1019.44
1019.62
1019.86
1020.13
1020.4
1020.62
1020.78
1020.9
1071.47
1070.12
1068.37
1066.62
1064.89
1063.15
1061.39
1059.61
1057.8
1055.92
1053.85
1051.48
1048.72
1045.73
1042.73
1039.75
1036.81
1033.93
1031.14
1028.45
1025.91
1023.58
1021.64
1020.28
1019.49
1019.09
1018.97
1019.05
1019.29
1019.61
1019.96
1020.3
1020.57
1020.77
1020.91
1072.94
1071.59
1069.76
1067.94
1066.14
1064.34
1062.52
1060.68
1058.81
1056.86
1054.73
1052.28
1049.44
1046.36
1043.28
1040.21
1037.2
1034.26
1031.4
1028.65
1026.06
1023.66
1021.62
1020.14
1019.22
1018.72
1018.54
1018.62
1018.89
1019.28
1019.73
1020.17
1020.52
1020.76
1020.93
1074.52
1073.17
1071.25
1069.35
1067.48
1065.62
1063.74
1061.83
1059.9
1057.9
1055.71
1053.19
1050.27
1047.1
1043.93
1040.79
1037.7
1034.69
1031.77
1028.97
1026.31
1023.85
1021.72
1020.09
1019.03
1018.41
1018.12
1018.13
1018.4
1018.86
1019.42
1019.99
1020.45
1020.76
1020.97
1076.13
1074.82
1072.79
1070.79
1068.86
1066.93
1064.99
1063.03
1061.05
1058.99
1056.73
1054.15
1051.15
1047.91
1044.66
1041.44
1038.28
1035.2
1032.21
1029.36
1026.65
1024.13
1021.9
1020.16
1018.96
1018.18
1017.75
1017.64
1017.84
1018.31
1018.97
1019.7
1020.33
1020.74
1021.02
1077.74
1076.45
1074.3
1072.22
1070.22
1068.23
1066.24
1064.22
1062.19
1060.08
1057.77
1055.12
1052.06
1048.74
1045.43
1042.14
1038.91
1035.76
1032.72
1029.8
1027.04
1024.46
1022.16
1020.32
1018.99
1018.07
1017.48
1017.2
1017.25
1017.63
1018.33
1019.24
1020.09
1020.68
1021.07
1079.32
1078.04
1075.75
1073.59
1071.53
1069.49
1067.44
1065.38
1063.3
1061.15
1058.79
1056.09
1052.97
1049.59
1046.21
1042.86
1039.57
1036.37
1033.26
1030.29
1027.48
1024.85
1022.49
1020.57
1019.14
1018.09
1017.35
1016.88
1016.71
1016.89
1017.48
1018.47
1019.61
1020.48
1021.06
1081
1079.54
1077.12
1074.89
1072.77
1070.67
1068.58
1066.48
1064.37
1062.18
1059.79
1057.04
1053.87
1050.45
1047.02
1043.62
1040.28
1037.02
1033.86
1030.84
1027.97
1025.29
1022.87
1020.88
1019.38
1018.24
1017.38
1016.74
1016.33
1016.22
1016.51
1017.33
1018.65
1019.92
1020.86
1082.85
1080.94
1078.39
1076.09
1073.92
1071.78
1069.66
1067.53
1065.39
1063.17
1060.75
1057.98
1054.78
1051.32
1047.85
1044.42
1041.03
1037.72
1034.52
1031.45
1028.53
1025.79
1023.32
1021.27
1019.7
1018.5
1017.56
1016.8
1016.2
1015.79
1015.63
1015.87
1016.77
1018.18
1019.72
1025.53
1025.41
1025.28
1025.14
1024.98
1024.8
1024.58
1024.34
1024.05
1023.71
1023.27
1022.67
1021.83
1020.68
1019.24
1017.52
1015.64
1013.65
1011.58
1009.45
1007.3
1005.2
1003.21
1001.51
1000.16
999.104
998.232
997.504
996.893
996.383
995.959
995.619
995.387
995.243
995.14
1025.55
1025.43
1025.3
1025.16
1025.01
1024.82
1024.61
1024.36
1024.07
1023.72
1023.27
1022.66
1021.81
1020.64
1019.16
1017.43
1015.53
1013.52
1011.43
1009.27
1007.1
1004.97
1002.95
1001.22
999.881
998.84
997.997
997.297
996.711
996.223
995.823
995.504
995.291
995.166
995.081
1025.57
1025.46
1025.33
1025.2
1025.04
1024.86
1024.64
1024.39
1024.1
1023.74
1023.29
1022.67
1021.8
1020.61
1019.13
1017.4
1015.49
1013.48
1011.36
1009.18
1006.98
1004.84
1002.8
1001.03
999.694
998.663
997.839
997.157
996.587
996.114
995.729
995.424
995.22
995.106
995.032
1025.6
1025.49
1025.37
1025.23
1025.08
1024.9
1024.69
1024.44
1024.14
1023.79
1023.33
1022.71
1021.84
1020.64
1019.16
1017.43
1015.53
1013.5
1011.38
1009.18
1006.98
1004.82
1002.75
1000.96
999.611
998.578
997.759
997.083
996.518
996.052
995.674
995.375
995.169
995.059
994.991
1025.63
1025.52
1025.4
1025.27
1025.13
1024.95
1024.74
1024.5
1024.21
1023.86
1023.41
1022.79
1021.93
1020.74
1019.27
1017.56
1015.66
1013.64
1011.5
1009.29
1007.07
1004.88
1002.79
1000.98
999.615
998.571
997.751
997.068
996.497
996.028
995.65
995.35
995.134
995.02
994.954
1025.65
1025.55
1025.44
1025.32
1025.18
1025.01
1024.81
1024.57
1024.29
1023.95
1023.51
1022.92
1022.07
1020.91
1019.47
1017.78
1015.91
1013.9
1011.76
1009.53
1007.28
1005.07
1002.95
1001.1
999.703
998.633
997.794
997.095
996.511
996.031
995.647
995.344
995.118
994.991
994.921
1025.69
1025.59
1025.49
1025.38
1025.24
1025.08
1024.89
1024.67
1024.4
1024.08
1023.66
1023.09
1022.28
1021.16
1019.77
1018.12
1016.28
1014.29
1012.15
1009.92
1007.65
1005.39
1003.23
1001.33
999.885
998.775
997.902
997.173
996.563
996.064
995.665
995.35
995.112
994.972
994.897
1025.72
1025.64
1025.54
1025.44
1025.31
1025.17
1024.99
1024.78
1024.54
1024.24
1023.85
1023.32
1022.56
1021.5
1020.17
1018.58
1016.79
1014.83
1012.71
1010.48
1008.17
1005.88
1003.66
1001.69
1000.18
999.012
998.087
997.312
996.663
996.131
995.706
995.373
995.117
994.961
994.878
1025.75
1025.68
1025.6
1025.51
1025.4
1025.26
1025.11
1024.92
1024.7
1024.43
1024.08
1023.6
1022.91
1021.93
1020.69
1019.18
1017.45
1015.55
1013.46
1011.23
1008.9
1006.56
1004.27
1002.22
1000.62
999.371
998.371
997.529
996.822
996.241
995.776
995.413
995.134
994.958
994.862
1025.79
1025.73
1025.66
1025.58
1025.48
1025.37
1025.24
1025.08
1024.89
1024.66
1024.35
1023.93
1023.33
1022.46
1021.32
1019.91
1018.28
1016.45
1014.43
1012.22
1009.88
1007.48
1005.11
1002.96
1001.26
999.893
998.79
997.851
997.059
996.406
995.883
995.476
995.166
994.964
994.849
1025.83
1025.78
1025.72
1025.66
1025.58
1025.49
1025.38
1025.25
1025.1
1024.91
1024.66
1024.32
1023.81
1023.07
1022.07
1020.79
1019.27
1017.55
1015.63
1013.48
1011.15
1008.7
1006.25
1004
1002.16
1000.65
999.405
998.328
997.411
996.65
996.039
995.563
995.21
994.976
994.836
1014.06
1014.03
1014.01
1013.98
1013.95
1013.92
1013.89
1013.86
1013.83
1013.8
1013.76
1013.73
1013.7
1013.66
1013.62
1014.29
1014.31
1014.32
1014.32
1014.32
1014.31
1014.3
1014.29
1014.27
1014.25
1014.23
1014.21
1014.19
1014.17
1014.13
1014.7
1014.78
1014.84
1014.89
1014.91
1014.92
1014.92
1014.92
1014.91
1014.89
1014.87
1014.85
1014.82
1014.79
1014.76
1015.26
1015.41
1015.52
1015.6
1015.64
1015.67
1015.68
1015.68
1015.67
1015.66
1015.64
1015.62
1015.59
1015.56
1015.53
1015.9
1016.12
1016.28
1016.4
1016.47
1016.52
1016.55
1016.56
1016.57
1016.56
1016.55
1016.54
1016.52
1016.5
1016.48
1016.63
1016.92
1017.14
1017.3
1017.42
1017.49
1017.54
1017.57
1017.59
1017.6
1017.61
1017.61
1017.6
1017.59
1017.59
1017.46
1017.84
1018.14
1018.35
1018.51
1018.62
1018.69
1018.74
1018.78
1018.81
1018.83
1018.84
1018.85
1018.85
1018.86
1018.43
1018.91
1019.29
1019.57
1019.77
1019.92
1020.02
1020.09
1020.15
1020.19
1020.23
1020.26
1020.29
1020.31
1020.32
1019.55
1020.15
1020.61
1020.97
1021.22
1021.41
1021.54
1021.63
1021.71
1021.77
1021.83
1021.88
1021.92
1021.95
1021.98
1020.86
1021.57
1022.13
1022.56
1022.87
1023.09
1023.25
1023.37
1023.47
1023.55
1023.62
1023.69
1023.75
1023.8
1023.83
1022.45
1023.28
1023.93
1024.42
1024.79
1025.05
1025.24
1025.39
1025.51
1025.6
1025.69
1025.77
1025.84
1025.9
1025.93
1024.41
1025.36
1026.11
1026.67
1027.09
1027.4
1027.63
1027.81
1027.95
1028.06
1028.16
1028.25
1028.33
1028.38
1028.4
1026.89
1027.96
1028.8
1029.44
1029.92
1030.28
1030.56
1030.77
1030.94
1031.09
1031.21
1031.3
1031.38
1031.41
1031.4
1029.75
1030.95
1031.89
1032.62
1033.17
1033.6
1033.93
1034.19
1034.41
1034.59
1034.75
1034.87
1034.96
1035.01
1034.98
1032.82
1034.14
1035.18
1035.99
1036.61
1037.1
1037.49
1037.81
1038.08
1038.31
1038.51
1038.68
1038.81
1038.88
1038.87
1036.01
1037.43
1038.56
1039.43
1040.11
1040.65
1041.1
1041.47
1041.8
1042.09
1042.34
1042.55
1042.72
1042.83
1042.84
1039.3
1040.8
1041.99
1042.91
1043.64
1044.23
1044.73
1045.15
1045.53
1045.87
1046.17
1046.43
1046.64
1046.79
1046.84
1042.65
1044.21
1045.44
1046.41
1047.18
1047.81
1048.34
1048.81
1049.23
1049.62
1049.97
1050.28
1050.54
1050.74
1050.83
1046.05
1047.64
1048.9
1049.89
1050.69
1051.35
1051.92
1052.43
1052.89
1053.32
1053.72
1054.07
1054.39
1054.63
1054.78
1049.46
1051.08
1052.35
1053.35
1054.16
1054.85
1055.44
1055.98
1056.48
1056.95
1057.39
1057.8
1058.16
1058.47
1058.68
1052.88
1054.49
1055.76
1056.76
1057.59
1058.29
1058.91
1059.48
1060.01
1060.52
1060.99
1061.45
1061.86
1062.22
1062.51
1056.28
1057.88
1059.13
1060.13
1060.96
1061.67
1062.31
1062.9
1063.46
1064
1064.52
1065.01
1065.47
1065.89
1066.25
1059.64
1061.21
1062.45
1063.44
1064.26
1064.99
1065.64
1066.26
1066.84
1067.41
1067.96
1068.49
1069
1069.47
1069.89
1062.72
1064.27
1065.49
1066.47
1067.29
1068.02
1068.69
1069.33
1069.93
1070.53
1071.11
1071.68
1072.23
1072.76
1073.26
1065.38
1066.9
1068.1
1069.06
1069.89
1070.62
1071.3
1071.95
1072.58
1073.19
1073.79
1074.39
1074.98
1075.56
1076.13
1067.7
1069.18
1070.35
1071.31
1072.13
1072.87
1073.56
1074.23
1074.87
1075.5
1076.12
1076.74
1077.35
1077.97
1078.6
1069.81
1071.26
1072.4
1073.35
1074.17
1074.92
1075.63
1076.3
1076.96
1077.61
1078.25
1078.88
1079.52
1080.17
1080.83
1071.85
1073.26
1074.38
1075.32
1076.15
1076.91
1077.63
1078.32
1079
1079.66
1080.32
1080.98
1081.63
1082.3
1082.99
1073.89
1075.26
1076.36
1077.3
1078.14
1078.92
1079.66
1080.37
1081.07
1081.76
1082.44
1083.11
1083.78
1084.47
1085.17
1075.92
1077.26
1078.35
1079.29
1080.15
1080.95
1081.72
1082.47
1083.2
1083.92
1084.62
1085.32
1086.01
1086.72
1087.43
1077.97
1079.28
1080.36
1081.31
1082.19
1083.03
1083.84
1084.64
1085.41
1086.17
1086.92
1087.65
1088.37
1089.1
1089.83
1080.06
1081.34
1082.42
1083.38
1084.29
1085.17
1086.03
1086.88
1087.72
1088.55
1089.37
1090.16
1090.93
1091.7
1092.45
1082.25
1083.49
1084.56
1085.54
1086.48
1087.4
1088.32
1089.23
1090.15
1091.06
1091.97
1092.86
1093.73
1094.58
1095.39
1084.62
1085.8
1086.84
1087.81
1088.77
1089.72
1090.67
1091.64
1092.61
1093.6
1094.59
1095.58
1096.56
1097.53
1098.46
1086.93
1088.01
1089
1089.95
1090.9
1091.85
1092.81
1093.78
1094.77
1095.77
1096.78
1097.79
1098.81
1002.39
1002.18
1001.99
1001.79
1001.6
1001.42
1009.23
1009.02
1008.81
1008.6
1008.38
1008.16
1007.94
1007.72
1007.5
1007.27
1007.04
1006.82
1006.59
1006.36
1006.12
1005.89
1005.66
1005.43
1005.2
1004.97
1004.74
1004.51
1004.29
1004.06
1003.84
1003.62
1003.41
1003.2
1002.99
1002.79
1002.59
1002.39
1002.2
1002.01
1001.83
1010.42
1010.17
1009.93
1009.69
1009.44
1009.2
1008.95
1008.71
1008.46
1008.22
1007.97
1007.73
1007.49
1007.24
1007
1006.76
1006.52
1006.29
1006.05
1005.82
1005.59
1005.36
1005.13
1004.91
1004.69
1004.47
1004.26
1004.05
1003.85
1003.65
1003.46
1003.27
1003.09
1002.92
1002.75
1012.41
1012.12
1011.82
1011.52
1011.23
1010.94
1010.66
1010.38
1010.1
1009.83
1009.56
1009.29
1009.03
1008.77
1008.51
1008.26
1008.01
1007.77
1007.52
1007.29
1007.05
1006.82
1006.59
1006.37
1006.15
1005.94
1005.74
1005.54
1005.35
1005.16
1004.99
1004.82
1004.66
1004.51
1004.36
1015.21
1014.84
1014.47
1014.11
1013.75
1013.41
1013.07
1012.73
1012.41
1012.09
1011.78
1011.48
1011.18
1010.9
1010.61
1010.34
1010.07
1009.81
1009.55
1009.3
1009.06
1008.82
1008.58
1008.36
1008.14
1007.93
1007.73
1007.54
1007.36
1007.19
1007.03
1006.88
1006.74
1006.61
1006.5
1018.65
1018.19
1017.73
1017.29
1016.86
1016.44
1016.03
1015.64
1015.26
1014.89
1014.52
1014.17
1013.83
1013.5
1013.18
1012.87
1012.57
1012.28
1012
1011.72
1011.46
1011.2
1010.96
1010.72
1010.49
1010.28
1010.08
1009.89
1009.71
1009.55
1009.4
1009.27
1009.15
1009.05
1008.97
1022.45
1021.9
1021.35
1020.82
1020.3
1019.81
1019.33
1018.86
1018.42
1017.98
1017.56
1017.16
1016.76
1016.39
1016.02
1015.67
1015.33
1015
1014.68
1014.38
1014.09
1013.81
1013.54
1013.29
1013.05
1012.82
1012.61
1012.42
1012.24
1012.08
1011.94
1011.82
1011.72
1011.64
1011.58
1026.47
1025.81
1025.16
1024.54
1023.94
1023.36
1022.8
1022.26
1021.74
1021.24
1020.75
1020.29
1019.84
1019.41
1018.99
1018.59
1018.21
1017.84
1017.48
1017.14
1016.82
1016.51
1016.21
1015.94
1015.68
1015.43
1015.21
1015
1014.82
1014.65
1014.51
1014.39
1014.3
1014.23
1014.18
1030.65
1029.89
1029.14
1028.41
1027.71
1027.04
1026.4
1025.78
1025.18
1024.6
1024.05
1023.52
1023.01
1022.51
1022.04
1021.59
1021.15
1020.74
1020.34
1019.96
1019.59
1019.25
1018.92
1018.61
1018.32
1018.05
1017.8
1017.58
1017.37
1017.19
1017.04
1016.91
1016.8
1016.73
1016.67
1035.02
1034.17
1033.31
1032.48
1031.69
1030.93
1030.2
1029.49
1028.82
1028.17
1027.54
1026.94
1026.37
1025.81
1025.28
1024.77
1024.27
1023.81
1023.36
1022.93
1022.51
1022.12
1021.75
1021.4
1021.06
1020.76
1020.47
1020.21
1019.97
1019.75
1019.56
1019.4
1019.26
1019.15
1019.06
1039.82
1038.86
1037.89
1036.95
1036.06
1035.2
1034.38
1033.58
1032.82
1032.08
1031.38
1030.7
1030.04
1029.41
1028.8
1028.22
1027.66
1027.13
1026.61
1026.12
1025.65
1025.19
1024.76
1024.35
1023.96
1023.6
1023.26
1022.94
1022.65
1022.39
1022.15
1021.94
1021.75
1021.59
1021.46
1045.21
1044.12
1043.02
1041.97
1040.96
1039.99
1039.07
1038.17
1037.32
1036.49
1035.69
1034.92
1034.18
1033.47
1032.78
1032.11
1031.47
1030.85
1030.25
1029.67
1029.12
1028.59
1028.08
1027.59
1027.13
1026.69
1026.28
1025.89
1025.53
1025.19
1024.88
1024.6
1024.34
1024.12
1023.92
1051.44
1050.18
1048.9
1047.67
1046.5
1045.38
1044.3
1043.28
1042.29
1041.33
1040.41
1039.52
1038.67
1037.84
1037.03
1036.26
1035.51
1034.78
1034.08
1033.4
1032.74
1032.11
1031.51
1030.93
1030.38
1029.85
1029.35
1028.88
1028.44
1028.03
1027.65
1027.3
1026.98
1026.7
1026.45
1058.18
1056.72
1055.21
1053.76
1052.39
1051.08
1049.83
1048.64
1047.49
1046.38
1045.31
1044.28
1043.28
1042.32
1041.38
1040.48
1039.6
1038.75
1037.93
1037.14
1036.37
1035.63
1034.92
1034.23
1033.58
1032.95
1032.36
1031.79
1031.26
1030.76
1030.29
1029.86
1029.46
1029.1
1028.77
1065.21
1063.52
1061.74
1060.06
1058.47
1056.96
1055.52
1054.14
1052.81
1051.54
1050.31
1049.12
1047.98
1046.87
1045.79
1044.74
1043.73
1042.75
1041.79
1040.87
1039.98
1039.11
1038.28
1037.47
1036.7
1035.96
1035.25
1034.58
1033.93
1033.32
1032.75
1032.21
1031.7
1031.23
1030.79
1072.52
1070.58
1068.52
1066.59
1064.75
1063.02
1061.37
1059.79
1058.28
1056.83
1055.43
1054.07
1052.77
1051.5
1050.26
1049.07
1047.9
1046.77
1045.68
1044.61
1043.58
1042.57
1041.6
1040.67
1039.76
1038.89
1038.05
1037.24
1036.47
1035.73
1035.03
1034.36
1033.72
1033.12
1032.55
1080.16
1077.94
1075.58
1073.35
1071.26
1069.29
1067.42
1065.63
1063.92
1062.27
1060.69
1059.16
1057.67
1056.23
1054.83
1053.47
1052.15
1050.86
1049.6
1048.38
1047.2
1046.04
1044.92
1043.83
1042.78
1041.76
1040.78
1039.83
1038.91
1038.03
1037.18
1036.36
1035.58
1034.83
1034.12
1088.15
1085.62
1082.92
1080.39
1078.02
1075.79
1073.68
1071.67
1069.75
1067.9
1066.12
1064.39
1062.72
1061.1
1059.53
1057.99
1056.49
1055.03
1053.61
1052.22
1050.87
1049.55
1048.26
1047.01
1045.8
1044.62
1043.48
1042.37
1041.29
1040.25
1039.25
1038.28
1037.34
1036.44
1035.56
1096.51
1093.65
1090.58
1087.71
1085.05
1082.55
1080.19
1077.94
1075.8
1073.73
1071.75
1069.82
1067.96
1066.15
1064.38
1062.66
1060.98
1059.33
1057.73
1056.16
1054.63
1053.14
1051.68
1050.25
1048.87
1047.52
1046.2
1044.92
1043.67
1042.47
1041.29
1040.16
1039.06
1037.99
1036.95
1105.25
1102.03
1098.56
1095.34
1092.37
1089.59
1086.97
1084.48
1082.1
1079.82
1077.62
1075.49
1073.42
1071.41
1069.45
1067.53
1065.65
1063.82
1062.02
1060.27
1058.55
1056.87
1055.22
1053.62
1052.04
1050.51
1049.01
1047.55
1046.12
1044.74
1043.39
1042.07
1040.8
1039.55
1038.35
1114.43
1110.82
1106.89
1103.29
1099.98
1096.91
1094.03
1091.3
1088.69
1086.19
1083.77
1081.43
1079.16
1076.94
1074.77
1072.65
1070.58
1068.54
1066.55
1064.59
1062.68
1060.8
1058.96
1057.16
1055.39
1053.66
1051.97
1050.32
1048.71
1047.13
1045.59
1044.09
1042.63
1041.21
1039.82
1124.08
1120.06
1115.63
1111.59
1107.91
1104.53
1101.37
1098.39
1095.55
1092.82
1090.2
1087.65
1085.17
1082.76
1080.39
1078.07
1075.79
1073.55
1071.35
1069.19
1067.07
1064.99
1062.95
1060.95
1058.98
1057.05
1055.16
1053.31
1051.5
1049.73
1047.99
1046.3
1044.65
1043.04
1041.46
1134.17
1129.78
1124.78
1120.24
1116.14
1112.39
1108.91
1105.63
1102.53
1099.55
1096.68
1093.91
1091.21
1088.57
1085.99
1083.45
1080.96
1078.51
1076.1
1073.74
1071.42
1069.15
1066.91
1064.71
1062.55
1060.44
1058.36
1056.32
1054.32
1052.37
1050.46
1048.6
1046.78
1045.01
1043.3
1143.4
1138.78
1133.33
1128.36
1123.89
1119.81
1116.02
1112.48
1109.11
1105.9
1102.81
1099.81
1096.9
1094.06
1091.28
1088.56
1085.88
1083.24
1080.65
1078.11
1075.61
1073.15
1070.74
1068.37
1066.04
1063.75
1061.5
1059.3
1057.14
1055.03
1052.96
1050.95
1048.99
1047.08
1045.24
1151.39
1146.72
1140.99
1135.74
1130.99
1126.67
1122.65
1118.89
1115.31
1111.9
1108.62
1105.44
1102.35
1099.33
1096.38
1093.49
1090.64
1087.84
1085.09
1082.39
1079.74
1077.12
1074.55
1072.03
1069.54
1067.1
1064.7
1062.34
1060.03
1057.77
1055.57
1053.41
1051.31
1049.26
1047.26
1158.32
1153.78
1147.95
1142.55
1137.65
1133.17
1129
1125.08
1121.35
1117.79
1114.35
1111.02
1107.78
1104.61
1101.51
1098.47
1095.48
1092.54
1089.65
1086.8
1084
1081.25
1078.53
1075.86
1073.23
1070.65
1068.1
1065.6
1063.15
1060.74
1058.39
1056.09
1053.83
1051.62
1049.44
1164.49
1160.21
1154.45
1149.03
1144.1
1139.56
1135.32
1131.31
1127.49
1123.82
1120.27
1116.83
1113.47
1110.18
1106.96
1103.79
1100.67
1097.6
1094.58
1091.6
1088.66
1085.77
1082.92
1080.11
1077.34
1074.62
1071.93
1069.28
1066.68
1064.12
1061.61
1059.15
1056.72
1054.3
1051.88
1170.09
1166.22
1160.69
1155.39
1150.53
1146.02
1141.79
1137.77
1133.92
1130.19
1126.58
1123.06
1119.62
1116.24
1112.91
1109.64
1106.4
1103.21
1100.06
1096.95
1093.89
1090.87
1087.88
1084.94
1082.03
1079.15
1076.32
1073.52
1070.76
1068.04
1065.36
1062.7
1060.07
1057.41
1054.72
1175.05
1171.69
1166.51
1161.47
1156.79
1152.42
1148.29
1144.33
1140.52
1136.81
1133.19
1129.65
1126.17
1122.73
1119.35
1115.99
1112.67
1109.38
1106.13
1102.91
1099.74
1096.6
1093.49
1090.42
1087.37
1084.36
1081.38
1078.43
1075.51
1072.62
1069.75
1066.89
1064.02
1061.1
1058.07
1179.3
1176.48
1171.76
1167.06
1162.67
1158.53
1154.58
1150.77
1147.07
1143.45
1139.9
1136.39
1132.94
1129.51
1126.11
1122.74
1119.38
1116.03
1112.72
1109.43
1106.18
1102.96
1099.76
1096.59
1093.44
1090.31
1087.2
1084.12
1081.05
1077.99
1074.93
1071.86
1068.75
1065.51
1062.1
1182.81
1180.46
1176.22
1099.83
1100.89
1084.77
1082.12
1079.49
1077.16
1074.95
1072.79
1070.65
1068.5
1066.35
1064.13
1061.69
1058.91
1055.7
1052.23
1048.75
1045.29
1041.87
1038.53
1035.28
1032.16
1029.19
1026.4
1023.86
1021.73
1020.1
1018.84
1017.84
1017
1016.31
1015.74
1015.28
1014.93
1014.73
1014.69
1014.75
1085.23
1082.68
1080.11
1077.81
1075.62
1073.47
1071.34
1069.2
1067.06
1064.85
1062.43
1059.66
1056.47
1053
1049.52
1046.06
1042.63
1039.27
1035.99
1032.83
1029.81
1026.97
1024.36
1022.17
1020.48
1019.16
1018.11
1017.23
1016.48
1015.86
1015.33
1014.9
1014.57
1014.41
1014.34
1085.74
1083.26
1080.75
1078.47
1076.31
1074.18
1072.06
1069.95
1067.83
1065.64
1063.24
1060.5
1057.33
1053.89
1050.43
1046.97
1043.54
1040.16
1036.85
1033.65
1030.58
1027.67
1025
1022.72
1020.96
1019.57
1018.45
1017.51
1016.72
1016.03
1015.45
1014.96
1014.55
1014.3
1014.17
1086.28
1083.88
1081.44
1079.2
1077.06
1074.96
1072.88
1070.8
1068.71
1066.55
1064.19
1061.49
1058.36
1054.95
1051.52
1048.07
1044.65
1041.26
1037.93
1034.68
1031.56
1028.57
1025.81
1023.44
1021.59
1020.11
1018.91
1017.9
1017.03
1016.28
1015.64
1015.08
1014.6
1014.28
1014.1
1025.88
1025.84
1025.8
1025.75
1025.69
1025.63
1025.54
1025.45
1025.33
1025.19
1025
1024.74
1024.34
1023.75
1022.93
1021.81
1020.43
1018.86
1017.08
1015.06
1012.78
1010.31
1007.8
1005.47
1003.5
1001.82
1000.38
999.105
998.001
997.073
996.316
995.721
995.299
995.01
994.826
1025.93
1025.89
1025.85
1025.81
1025.76
1025.69
1025.62
1025.53
1025.42
1025.29
1025.12
1024.87
1024.49
1023.93
1023.14
1022.05
1020.71
1019.18
1017.45
1015.45
1013.18
1010.7
1008.16
1005.8
1003.79
1002.07
1000.57
999.236
998.083
997.115
996.329
995.715
995.287
994.997
994.809
1025.97
1025.94
1025.91
1025.86
1025.82
1025.76
1025.69
1025.61
1025.51
1025.39
1025.22
1024.99
1024.63
1024.09
1023.31
1022.25
1020.94
1019.46
1017.75
1015.78
1013.52
1011.02
1008.45
1006.07
1004.03
1002.26
1000.71
999.34
998.15
997.152
996.343
995.713
995.278
994.987
994.796
1026.02
1025.99
1025.96
1025.93
1025.89
1025.84
1025.77
1025.7
1025.61
1025.5
1025.34
1025.12
1024.78
1024.25
1023.49
1022.44
1021.17
1019.71
1018.03
1016.07
1013.82
1011.29
1008.69
1006.3
1004.23
1002.43
1000.84
999.431
998.209
997.185
996.356
995.712
995.27
994.977
994.782
1026.07
1026.05
1026.03
1026
1025.96
1025.92
1025.86
1025.8
1025.72
1025.61
1025.47
1025.26
1024.93
1024.42
1023.67
1022.64
1021.39
1019.96
1018.29
1016.35
1014.09
1011.55
1008.91
1006.5
1004.4
1002.58
1000.95
999.511
998.26
997.214
996.367
995.709
995.261
994.967
994.767
1026.13
1026.11
1026.09
1026.07
1026.04
1026
1025.96
1025.9
1025.83
1025.73
1025.6
1025.41
1025.09
1024.59
1023.84
1022.83
1021.61
1020.2
1018.54
1016.6
1014.35
1011.78
1009.11
1006.68
1004.56
1002.71
1001.05
999.579
998.304
997.238
996.375
995.704
995.251
994.955
994.751
1026.18
1026.17
1026.16
1026.14
1026.12
1026.09
1026.05
1026
1025.94
1025.86
1025.74
1025.55
1025.25
1024.75
1024.02
1023.02
1021.82
1020.42
1018.77
1016.84
1014.58
1011.98
1009.28
1006.83
1004.69
1002.82
1001.13
999.634
998.337
997.255
996.379
995.698
995.239
994.942
994.734
1026.24
1026.23
1026.23
1026.22
1026.2
1026.18
1026.15
1026.11
1026.06
1025.98
1025.87
1025.7
1025.41
1024.92
1024.18
1023.2
1022.01
1020.62
1018.97
1017.04
1014.77
1012.15
1009.41
1006.95
1004.79
1002.9
1001.19
999.67
998.358
997.263
996.377
995.688
995.225
994.927
994.716
1026.3
1026.3
1026.3
1026.29
1026.29
1026.27
1026.25
1026.22
1026.18
1026.11
1026.01
1025.85
1025.56
1025.06
1024.32
1023.35
1022.18
1020.78
1019.13
1017.19
1014.91
1012.26
1009.49
1007.02
1004.85
1002.94
1001.21
999.679
998.358
997.258
996.369
995.675
995.208
994.909
994.697
1026.37
1026.37
1026.38
1026.38
1026.37
1026.37
1026.35
1026.33
1026.29
1026.24
1026.14
1025.98
1025.68
1025.17
1024.43
1023.46
1022.29
1020.89
1019.22
1017.26
1014.97
1012.29
1009.5
1007.03
1004.84
1002.92
1001.19
999.65
998.329
997.231
996.343
995.648
995.182
994.885
994.674
1026.44
1026.45
1026.45
1026.46
1026.46
1026.46
1026.45
1026.44
1026.41
1026.36
1026.27
1026.1
1025.78
1025.24
1024.49
1023.52
1022.33
1020.91
1019.22
1017.26
1014.94
1012.23
1009.42
1006.92
1004.73
1002.81
1001.08
999.554
998.248
997.164
996.289
995.604
995.145
994.853
994.646
1026.5
1026.51
1026.53
1026.53
1026.54
1026.55
1026.55
1026.54
1026.51
1026.46
1026.37
1026.18
1025.81
1025.24
1024.48
1023.51
1022.3
1020.85
1019.13
1017.13
1014.77
1012.01
1009.17
1006.66
1004.48
1002.57
1000.86
999.369
998.097
997.046
996.198
995.535
995.092
994.812
994.613
1026.56
1026.58
1026.59
1026.61
1026.62
1026.63
1026.64
1026.63
1026.6
1026.55
1026.43
1026.21
1025.8
1025.2
1024.4
1023.39
1022.15
1020.64
1018.87
1016.82
1014.4
1011.58
1008.7
1006.2
1004.03
1002.16
1000.51
999.069
997.858
996.861
996.059
995.434
995.017
994.756
994.572
1026.61
1026.63
1026.65
1026.67
1026.69
1026.71
1026.72
1026.71
1026.67
1026.6
1026.45
1026.18
1025.71
1025.06
1024.21
1023.14
1021.82
1020.23
1018.39
1016.26
1013.76
1010.86
1007.96
1005.47
1003.34
1001.55
999.977
998.635
997.513
996.595
995.861
995.289
994.913
994.681
994.521
1026.67
1026.69
1026.72
1026.74
1026.77
1026.79
1026.79
1026.77
1026.71
1026.6
1026.41
1026.07
1025.52
1024.79
1023.84
1022.66
1021.23
1019.54
1017.59
1015.38
1012.76
1009.78
1006.88
1004.43
1002.39
1000.7
999.262
998.052
997.052
996.239
995.592
995.093
994.772
994.581
994.456
1026.7
1026.73
1026.77
1026.81
1026.85
1026.86
1026.84
1026.78
1026.68
1026.52
1026.26
1025.83
1025.15
1024.28
1023.18
1021.84
1020.25
1018.41
1016.35
1014.06
1011.3
1008.24
1005.4
1003.04
1001.14
999.622
998.366
997.328
996.478
995.79
995.246
994.832
994.579
994.445
994.368
1026.73
1026.77
1026.82
1026.87
1026.9
1026.9
1026.85
1026.76
1026.62
1026.42
1026.1
1025.6
1024.83
1023.85
1022.63
1021.17
1019.47
1017.54
1015.41
1013.06
1010.17
1007.07
1004.31
1002.01
1000.21
998.816
997.693
996.775
996.024
995.418
994.941
994.583
994.374
994.286
994.256
1026.77
1026.83
1026.9
1026.95
1026.95
1026.91
1026.82
1026.7
1026.52
1026.27
1025.89
1025.3
1024.43
1023.33
1022.01
1020.44
1018.66
1016.68
1014.52
1012.17
1009.19
1006.13
1003.51
1001.28
999.596
998.304
997.283
996.443
995.751
995.19
994.749
994.414
994.21
994.144
994.144
1026.82
1026.92
1026.99
1027
1026.96
1026.88
1026.75
1026.58
1026.35
1026.04
1025.59
1024.9
1023.92
1022.71
1021.28
1019.64
1017.82
1015.83
1013.71
1011.42
1008.39
1005.47
1003.04
1000.88
999.311
998.093
997.13
996.328
995.659
995.114
994.679
994.344
994.113
994.028
994.073
1027.07
1027.11
1027.08
1027.02
1026.93
1026.79
1026.61
1026.38
1026.08
1025.69
1025.14
1024.35
1023.25
1021.94
1020.43
1018.76
1016.95
1015.02
1013
1010.83
1007.84
1005.14
1002.92
1000.96
999.43
998.228
997.269
996.459
995.774
995.206
994.746
994.384
994.112
993.956
993.876
1008.27
1008.09
1007.91
1007.72
1007.53
1007.33
1007.13
1006.93
1006.72
1006.52
1006.31
1006.1
1005.88
1005.67
1005.45
1005.23
1005.01
1004.79
1004.57
1004.35
1004.13
1003.91
1003.7
1003.48
1003.27
1003.06
1002.85
1002.64
1002.44
1002.24
1002.04
1001.84
1001.65
1001.47
1001.28
1008.59
1008.4
1008.2
1008.01
1007.81
1007.6
1007.4
1007.19
1006.98
1006.76
1006.55
1006.33
1006.11
1005.89
1005.66
1005.44
1005.22
1004.99
1004.77
1004.54
1004.32
1004.1
1003.87
1003.65
1003.44
1003.22
1003.01
1002.8
1002.59
1104.24
1107.63
1111.21
1114.97
1118.92
1123.08
1127.51
1132.26
1137.48
1076.9
1076.93
1077.13
1077.52
1078.06
1078.71
1079.48
1080.35
1081.35
1082.47
1083.74
1085.17
1086.77
1088.55
1090.52
1092.68
1095.03
1097.58
1100.34
1103.29
1106.44
1109.79
1113.33
1117.07
1121.02
1125.2
1129.62
1134.35
1139.45
1145.07
1079.79
1079.98
1080.35
1080.89
1081.57
1082.36
1083.26
1084.26
1085.38
1086.63
1088.01
1089.54
1091.24
1093.11
1095.17
1097.41
1099.85
1102.49
1105.34
1108.39
1111.65
1115.11
1118.79
1122.68
1126.8
1131.17
1135.8
1140.76
1146.08
1151.91
1082.56
1082.9
1083.42
1084.11
1084.93
1085.86
1086.9
1088.04
1089.29
1090.66
1092.17
1093.82
1095.63
1097.6
1099.76
1102.1
1104.63
1107.37
1110.3
1113.45
1116.81
1120.38
1124.18
1128.21
1132.47
1136.99
1141.78
1146.88
1152.32
1158.18
1085.3
1085.8
1086.46
1087.29
1088.25
1089.32
1090.49
1091.77
1093.15
1094.65
1096.28
1098.06
1099.98
1102.07
1104.33
1106.77
1109.39
1112.22
1115.24
1118.48
1121.93
1125.59
1129.49
1133.62
1137.99
1142.61
1147.5
1152.66
1158.1
1163.88
1088.06
1088.69
1089.49
1090.45
1091.54
1092.74
1094.04
1095.44
1096.95
1098.58
1100.34
1102.23
1104.27
1106.46
1108.82
1111.36
1114.07
1116.98
1120.08
1123.39
1126.9
1130.64
1134.6
1138.8
1143.23
1147.91
1152.81
1157.95
1163.3
1168.93
1090.88
1091.64
1092.56
1093.63
1094.84
1096.15
1097.56
1099.08
1100.71
1102.45
1104.32
1106.32
1108.47
1110.76
1113.21
1115.82
1118.61
1121.59
1124.75
1128.1
1131.67
1135.44
1139.44
1143.66
1148.1
1152.77
1157.64
1162.68
1167.85
1173.24
1093.9
1094.75
1095.77
1096.93
1098.23
1099.63
1101.14
1102.75
1104.48
1106.31
1108.27
1110.36
1112.59
1114.96
1117.48
1120.16
1123
1126.02
1129.21
1132.59
1136.16
1139.94
1143.93
1148.13
1152.55
1157.16
1161.94
1166.83
1171.75
1176.78
1097.38
1098.3
1099.38
1100.6
1101.95
1103.41
1104.98
1106.65
1108.43
1110.33
1112.35
1114.5
1116.78
1119.19
1121.75
1124.46
1127.32
1130.34
1133.53
1136.89
1140.44
1144.18
1148.11
1152.25
1156.6
1161.13
1165.79
1170.5
1175.11
1179.66
1101.8
1102.79
1103.89
1105.14
1106.5
1107.98
1109.55
1111.24
1113.03
1114.94
1116.97
1119.11
1121.39
1123.8
1126.34
1129.02
1131.84
1134.82
1137.95
1141.24
1144.69
1148.33
1152.16
1156.18
1160.41
1164.82
1169.35
1173.91
1178.21
1182.06
1106.25
1107.44
1108.71
1110.07
1111.52
1113.06
1114.69
1116.41
1118.22
1120.14
1122.16
1124.29
1126.53
1128.89
1131.38
1133.98
1136.72
1139.59
1142.6
1145.75
1149.06
1152.54
1156.2
1160.06
1164.12
1168.41
1172.87
1177.43
1181.62
1184.62
1171.93
1167.87
1164.01
1160.3
1156.7
1153.17
1149.71
1146.28
1142.89
1139.53
1136.18
1132.84
1129.5
1126.17
1122.84
1119.53
1116.24
1112.98
1109.73
1106.5
1103.28
1100.08
1096.89
1093.71
1090.53
1087.36
1084.18
1080.97
1077.71
1074.38
1070.82
1066.94
1185.57
1183.51
1179.7
1175.78
1172.05
1168.48
1165.01
1161.63
1158.3
1155.01
1151.75
1148.51
1145.27
1142.05
1138.82
1135.59
1132.36
1129.11
1125.88
1122.67
1119.46
1116.27
1113.09
1109.92
1106.75
1103.59
1100.42
1097.25
1094.07
1090.86
1087.6
1084.26
1080.79
1076.99
1072.67
1187.55
1185.49
1181.96
1178.31
1174.81
1171.44
1168.16
1164.94
1161.76
1158.61
1155.47
1152.35
1149.24
1146.12
1143.01
1139.9
1136.78
1133.65
1130.54
1127.44
1124.35
1121.26
1118.19
1115.13
1112.07
1109.01
1105.95
1102.89
1099.81
1096.7
1093.55
1090.3
1086.91
1083.15
1078.7
1188.43
1186.16
1182.72
1179.16
1175.74
1172.44
1169.21
1166.04
1162.91
1159.8
1156.71
1153.63
1150.55
1147.48
1144.41
1141.34
1138.27
1135.21
1132.16
1129.12
1126.09
1123.07
1120.07
1117.07
1114.09
1111.11
1108.13
1105.16
1102.18
1099.18
1096.15
1093.06
1089.87
1086.45
1082.74
1001.1
1000.85
1000.6
1000.35
1000.1
999.857
999.61
999.363
999.116
998.869
998.622
998.375
998.128
997.881
997.634
997.387
997.14
996.895
996.654
996.421
996.199
995.993
995.807
995.642
995.502
995.389
995.304
995.243
995.2
995.166
1001.23
1000.94
1000.66
1000.37
1000.09
999.814
999.539
999.266
998.997
998.732
998.47
998.212
997.958
997.709
997.463
997.221
996.983
996.751
996.527
996.311
996.11
995.926
995.762
995.622
995.506
995.415
995.348
995.302
995.271
995.251
1001.66
1001.31
1000.97
1000.62
1000.29
999.959
999.636
999.321
999.013
998.714
998.424
998.143
997.871
997.609
997.356
997.113
996.879
996.654
996.441
996.241
996.057
995.893
995.752
995.635
995.541
995.472
995.425
995.395
995.38
995.375
1002.59
1002.15
1001.71
1001.27
1000.85
1000.43
1000.03
999.637
999.259
998.896
998.55
998.22
997.907
997.612
997.334
997.075
996.833
996.609
996.403
996.216
996.05
995.908
995.793
995.703
995.636
995.59
995.563
995.552
995.556
995.574
1004.23
1003.66
1003.09
1002.53
1001.97
1001.44
1000.91
1000.41
999.92
999.456
999.015
998.599
998.211
997.85
997.519
997.217
996.945
996.702
996.488
996.302
996.146
996.02
995.924
995.856
995.81
995.783
995.775
995.785
995.814
995.863
1006.4
1005.69
1004.99
1004.3
1003.61
1002.94
1002.29
1001.65
1001.04
1000.45
999.887
999.358
998.864
998.408
997.991
997.617
997.285
996.996
996.749
996.543
996.377
996.249
996.156
996.101
996.069
996.059
996.068
996.099
996.154
996.235
1008.9
1008.08
1007.26
1006.45
1005.64
1004.85
1004.07
1003.31
1002.57
1001.86
1001.17
1000.52
999.902
999.329
998.802
998.327
997.905
997.539
997.23
996.976
996.776
996.624
996.518
996.454
996.43
996.43
996.454
996.503
996.581
996.694
1011.54
1010.63
1009.72
1008.81
1007.91
1007.02
1006.14
1005.27
1004.43
1003.6
1002.8
1002.03
1001.3
1000.6
999.959
999.367
998.835
998.368
997.967
997.636
997.372
997.172
997.03
996.94
996.908
996.912
996.945
997.008
997.107
997.251
1014.16
1013.18
1012.2
1011.22
1010.25
1009.29
1008.34
1007.39
1006.47
1005.56
1004.67
1003.8
1002.97
1002.17
1001.42
1000.72
1000.07
999.49
998.983
998.552
998.2
997.926
997.726
997.594
997.523
997.521
997.555
997.628
997.746
997.921
1016.65
1015.63
1014.6
1013.58
1012.56
1011.55
1010.55
1009.55
1008.57
1007.61
1006.66
1005.73
1004.82
1003.95
1003.11
1002.31
1001.57
1000.89
1000.28
999.739
999.286
998.92
998.64
998.443
998.323
998.286
998.315
998.391
998.524
998.731
1019
1017.95
1016.89
1015.83
1014.79
1013.75
1012.72
1011.7
1010.69
1009.69
1008.7
1007.73
1006.78
1005.85
1004.96
1004.1
1003.29
1002.53
1001.83
1001.21
1000.66
1000.21
999.839
999.564
999.38
999.283
999.295
999.369
999.511
999.743
1021.35
1020.28
1019.19
1018.12
1017.06
1016.01
1014.97
1013.93
1012.91
1011.89
1010.89
1009.89
1008.92
1007.96
1007.03
1006.13
1005.27
1004.46
1003.7
1003.01
1002.39
1001.86
1001.41
1001.06
1000.8
1000.64
1000.59
1000.65
1000.79
1001.04
1023.75
1022.65
1021.55
1020.47
1019.4
1018.35
1017.31
1016.29
1015.27
1014.25
1013.25
1012.25
1011.27
1010.3
1009.34
1008.42
1007.53
1006.68
1005.88
1005.14
1004.47
1003.88
1003.38
1002.97
1002.65
1002.43
1002.31
1002.34
1002.47
1002.72
1026.23
1025.11
1024
1022.91
1021.85
1020.81
1019.79
1018.79
1017.8
1016.81
1015.83
1014.86
1013.89
1012.93
1011.98
1011.04
1010.13
1009.25
1008.42
1007.64
1006.92
1006.27
1005.71
1005.24
1004.87
1004.59
1004.41
1004.35
1004.45
1004.69
1028.48
1027.33
1026.2
1025.1
1024.05
1023.03
1022.04
1021.07
1020.13
1019.19
1018.27
1017.35
1016.43
1015.52
1014.6
1013.69
1012.79
1011.91
1011.06
1010.25
1009.49
1008.8
1008.18
1007.65
1007.21
1006.87
1006.63
1006.51
1006.57
1006.8
1030.38
1029.18
1028.01
1026.9
1025.85
1024.84
1023.88
1022.95
1022.05
1021.18
1020.32
1019.48
1018.63
1017.79
1016.95
1016.11
1015.26
1014.42
1013.6
1012.79
1012.03
1011.32
1010.67
1010.1
1009.62
1009.23
1008.95
1008.78
1008.78
1008.97
1032
1030.74
1029.51
1028.37
1027.3
1026.3
1025.35
1024.46
1023.6
1022.78
1021.99
1021.22
1020.46
1019.71
1018.96
1018.2
1017.45
1016.69
1015.93
1015.18
1014.44
1013.74
1013.09
1012.5
1011.99
1011.58
1011.26
1011.06
1010.99
1011.15
1033.43
1032.07
1030.78
1029.59
1028.49
1027.47
1026.53
1025.65
1024.83
1024.05
1023.31
1022.61
1021.92
1021.26
1020.6
1019.95
1019.3
1018.64
1017.98
1017.32
1016.66
1016.01
1015.39
1014.81
1014.29
1013.85
1013.5
1013.26
1013.16
1013.27
1034.72
1033.25
1031.87
1030.61
1029.47
1028.43
1027.47
1026.6
1025.79
1025.04
1024.35
1023.69
1023.07
1022.47
1021.9
1021.34
1020.79
1020.24
1019.69
1019.14
1018.58
1018.04
1017.49
1016.97
1016.48
1016.05
1015.68
1015.41
1015.27
1015.32
1035.95
1034.34
1032.84
1031.5
1030.3
1029.22
1028.24
1027.36
1026.56
1025.82
1025.15
1024.53
1023.96
1023.42
1022.91
1022.42
1021.95
1021.49
1021.04
1020.59
1020.15
1019.71
1019.28
1018.86
1018.45
1018.07
1017.74
1017.47
1017.29
1017.29
1037.18
1035.38
1033.75
1032.31
1031.03
1029.89
1028.88
1027.98
1027.17
1026.44
1025.79
1025.19
1024.65
1024.15
1023.68
1023.25
1022.84
1022.45
1022.08
1021.71
1021.36
1021.02
1020.69
1020.37
1020.06
1019.77
1019.51
1019.28
1019.12
1019.07
1038.47
1036.45
1034.64
1033.06
1031.69
1030.48
1029.43
1028.49
1027.67
1026.94
1026.29
1025.71
1025.19
1024.72
1024.29
1023.9
1023.53
1023.19
1022.88
1022.58
1022.29
1022.02
1021.77
1021.52
1021.29
1021.08
1020.89
1020.73
1020.61
1020.56
1039.92
1037.61
1035.57
1033.82
1032.32
1031.03
1029.91
1028.94
1028.09
1027.35
1026.71
1026.13
1025.63
1025.17
1024.77
1024.41
1024.08
1023.78
1023.5
1023.25
1023.01
1022.79
1022.59
1022.41
1022.24
1022.08
1021.95
1021.84
1021.76
1021.74
1041.63
1038.94
1036.6
1034.63
1032.97
1031.56
1030.36
1029.34
1028.46
1027.7
1027.04
1026.47
1025.97
1025.53
1025.15
1024.8
1024.5
1024.22
1023.98
1023.76
1023.56
1023.38
1023.21
1023.06
1022.93
1022.82
1022.72
1022.65
1022.6
1022.59
1043.43
1040.31
1037.64
1035.42
1033.58
1032.05
1030.76
1029.67
1028.75
1027.97
1027.3
1026.72
1026.22
1025.79
1025.42
1025.09
1024.8
1024.55
1024.32
1024.12
1023.95
1023.79
1023.65
1023.53
1023.43
1023.34
1023.27
1023.21
1023.19
1023.19
1045.28
1041.7
1038.67
1036.2
1034.17
1032.5
1031.12
1029.96
1028.99
1028.18
1027.49
1026.91
1026.41
1025.98
1025.62
1025.3
1025.02
1024.78
1024.58
1024.39
1024.23
1024.09
1023.97
1023.87
1023.79
1023.72
1023.66
1023.63
1023.61
1023.63
1047.21
1043.15
1039.75
1037
1034.77
1032.95
1031.46
1030.23
1029.21
1028.36
1027.66
1027.06
1026.56
1026.13
1025.77
1025.46
1025.19
1024.97
1024.77
1024.6
1024.46
1024.33
1024.23
1024.14
1024.07
1024.01
1023.97
1023.95
1023.95
1023.97
1049.34
1044.75
1040.94
1037.88
1035.42
1033.43
1031.82
1030.51
1029.43
1028.54
1027.81
1027.2
1026.69
1026.26
1025.9
1025.6
1025.34
1025.12
1024.93
1024.78
1024.64
1024.53
1024.44
1024.36
1024.3
1024.26
1024.23
1024.22
1024.23
1024.26
1051.8
1046.61
1042.35
1038.92
1036.19
1034
1032.24
1030.82
1029.67
1028.73
1027.96
1027.33
1026.81
1026.37
1026.02
1025.71
1025.46
1025.25
1025.08
1024.93
1024.8
1024.7
1024.62
1024.55
1024.51
1024.47
1024.46
1024.45
1024.47
1024.51
1054.67
1048.82
1044.05
1040.19
1037.13
1034.69
1032.75
1031.19
1029.94
1028.94
1028.13
1027.46
1026.93
1026.49
1026.12
1025.82
1025.58
1025.37
1025.2
1025.06
1024.95
1024.86
1024.78
1024.73
1024.69
1024.66
1024.65
1024.66
1024.68
1024.72
1057.98
1051.44
1046.11
1041.75
1038.29
1035.55
1033.37
1031.65
1030.28
1029.19
1028.32
1027.62
1027.05
1026.6
1026.23
1025.93
1025.68
1025.48
1025.32
1025.18
1025.08
1024.99
1024.93
1024.88
1024.85
1024.83
1024.82
1024.84
1024.86
1024.91
1061.73
1054.54
1048.64
1043.69
1039.76
1036.64
1034.17
1032.23
1030.7
1029.5
1028.55
1027.79
1027.2
1026.72
1026.34
1026.03
1025.78
1025.58
1025.42
1025.3
1025.2
1025.12
1025.06
1025.02
1024.99
1024.98
1024.98
1024.99
1025.02
1025.07
1065.8
1058.19
1051.75
1046.12
1041.61
1038.02
1035.19
1032.98
1031.24
1029.89
1028.84
1028.01
1027.37
1026.86
1026.46
1026.14
1025.89
1025.69
1025.53
1025.4
1025.31
1025.24
1025.18
1025.15
1025.13
1025.12
1025.12
1025.14
1025.17
1025.21
1070
1062.59
1055.6
1049.18
1043.97
1039.8
1036.51
1033.95
1031.96
1030.42
1029.22
1028.3
1027.58
1027.03
1026.6
1026.26
1025.99
1025.79
1025.63
1025.51
1025.42
1025.35
1025.3
1025.27
1025.26
1025.25
1025.26
1025.28
1025.31
1025.35
1076.09
1069.9
1061.4
1053.82
1047.55
1042.5
1038.54
1035.44
1033.06
1031.22
1029.82
1028.74
1027.92
1027.28
1026.79
1026.42
1026.13
1025.91
1025.74
1025.61
1025.52
1025.45
1025.41
1025.38
1025.37
1025.37
1025.38
1025.4
1025.44
1025.48
1012.76
1012.6
1012.49
1012.42
1012.35
1012.27
1012.2
1012.12
1012.04
1011.96
1011.86
1011.76
1011.65
1011.52
1011.39
1011.25
1011.09
1010.92
1010.75
1010.57
1010.38
1010.18
1009.98
1009.77
1009.57
1009.36
1009.14
1008.93
1008.71
1008.49
1013.15
1012.92
1012.78
1012.68
1012.59
1012.5
1012.42
1012.33
1012.24
1012.14
1012.04
1011.93
1011.81
1011.68
1011.55
1011.41
1011.25
1011.09
1010.92
1010.75
1010.57
1010.38
1010.2
1010
1009.81
1009.61
1009.41
1009.21
1009.01
1008.8
1013.57
1013.29
1013.11
1012.99
1012.89
1012.79
1012.69
1012.6
1012.5
1012.4
1012.3
1012.19
1012.08
1011.96
1011.83
1011.7
1011.56
1011.42
1011.27
1011.11
1010.95
1010.79
1010.63
1010.46
1010.29
1010.12
1009.95
1009.77
1009.59
1009.42
1014.06
1013.74
1013.53
1013.39
1013.28
1013.18
1013.08
1012.99
1012.9
1012.8
1012.71
1012.62
1012.52
1012.42
1012.31
1012.21
1012.1
1011.99
1011.87
1011.76
1011.64
1011.52
1011.4
1011.28
1011.16
1011.04
1010.92
1010.8
1010.67
1010.55
1014.68
1014.3
1014.07
1013.92
1013.8
1013.7
1013.61
1013.53
1013.44
1013.37
1013.29
1013.22
1013.14
1013.07
1013.01
1012.94
1012.88
1012.81
1012.76
1012.7
1012.65
1012.61
1012.56
1012.53
1012.5
1012.47
1012.45
1012.44
1012.43
1012.42
1015.39
1014.96
1014.7
1014.54
1014.42
1014.34
1014.26
1014.19
1014.13
1014.07
1014.02
1013.98
1013.95
1013.92
1013.91
1013.9
1013.9
1013.91
1013.94
1013.97
1014.02
1014.08
1014.15
1014.24
1014.34
1014.46
1014.59
1014.73
1014.88
1015.04
1016.22
1015.73
1015.44
1015.28
1015.17
1015.1
1015.04
1014.99
1014.96
1014.93
1014.93
1014.93
1014.95
1014.99
1015.04
1015.11
1015.2
1015.3
1015.43
1015.58
1015.75
1015.95
1016.17
1016.4
1016.67
1016.95
1017.25
1017.58
1017.92
1018.27
1017.2
1016.64
1016.32
1016.15
1016.06
1016
1015.96
1015.95
1015.95
1015.97
1016.01
1016.07
1016.16
1016.27
1016.4
1016.57
1016.76
1016.98
1017.22
1017.51
1017.82
1018.16
1018.53
1018.93
1019.37
1019.82
1020.31
1020.81
1021.34
1021.89
1018.33
1017.7
1017.35
1017.18
1017.1
1017.06
1017.05
1017.07
1017.12
1017.19
1017.29
1017.42
1017.57
1017.77
1017.99
1018.26
1018.56
1018.9
1019.28
1019.7
1020.15
1020.65
1021.18
1021.74
1022.34
1022.97
1023.63
1024.31
1025.01
1025.73
1019.66
1018.95
1018.57
1018.4
1018.34
1018.32
1018.35
1018.41
1018.5
1018.62
1018.79
1018.99
1019.22
1019.51
1019.83
1020.2
1020.62
1021.09
1021.6
1022.16
1022.76
1023.4
1024.09
1024.82
1025.58
1026.37
1027.19
1028.03
1028.89
1029.77
1021.25
1020.49
1020.08
1019.92
1019.88
1019.9
1019.96
1020.07
1020.22
1020.41
1020.65
1020.93
1021.26
1021.65
1022.08
1022.58
1023.12
1023.72
1024.38
1025.08
1025.84
1026.64
1027.48
1028.36
1029.27
1030.21
1031.17
1032.13
1033.11
1034.07
1023.25
1022.45
1022.04
1021.9
1021.89
1021.95
1022.06
1022.23
1022.45
1022.71
1023.04
1023.41
1023.85
1024.35
1024.9
1025.53
1026.21
1026.95
1027.76
1028.61
1029.52
1030.47
1031.46
1032.48
1033.53
1034.59
1035.66
1036.72
1037.78
1038.81
1025.77
1024.99
1024.6
1024.51
1024.53
1024.64
1024.81
1025.05
1025.35
1025.71
1026.13
1026.61
1027.17
1027.79
1028.49
1029.25
1030.08
1030.98
1031.93
1032.94
1034
1035.09
1036.22
1037.37
1038.53
1039.69
1040.85
1041.99
1043.1
1044.18
1028.83
1028.05
1027.67
1027.58
1027.62
1027.76
1027.99
1028.29
1028.66
1029.1
1029.62
1030.21
1030.88
1031.62
1032.45
1033.35
1034.32
1035.35
1036.45
1037.6
1038.79
1040.02
1041.28
1042.55
1043.84
1045.13
1046.41
1047.68
1048.95
1050.2
1032.17
1031.36
1030.97
1030.84
1030.89
1031.06
1031.33
1031.68
1032.11
1032.63
1033.23
1033.92
1034.69
1035.55
1036.49
1037.51
1038.61
1039.78
1041
1042.29
1043.62
1044.99
1046.39
1047.81
1049.25
1050.71
1052.18
1053.66
1055.15
1056.66
1035.66
1034.81
1034.38
1034.24
1034.29
1034.48
1034.79
1035.19
1035.68
1036.27
1036.95
1037.73
1038.6
1039.56
1040.61
1041.75
1042.97
1044.27
1045.63
1047.06
1048.53
1050.06
1051.62
1053.22
1054.85
1056.51
1058.2
1059.91
1061.65
1063.42
1039.33
1038.44
1037.98
1037.81
1037.86
1038.07
1038.4
1038.84
1039.39
1040.04
1040.8
1041.66
1042.62
1043.69
1044.85
1046.1
1047.45
1048.88
1050.38
1051.96
1053.6
1055.29
1057.04
1058.83
1060.68
1062.56
1064.48
1066.44
1068.44
1070.47
1043.23
1042.3
1041.8
1041.6
1041.64
1041.85
1042.2
1042.68
1043.27
1043.98
1044.81
1045.74
1046.8
1047.96
1049.23
1050.61
1052.08
1053.65
1055.3
1057.04
1058.85
1060.73
1062.68
1064.68
1066.75
1068.87
1071.04
1073.26
1075.52
1077.82
1047.36
1046.42
1045.89
1045.66
1045.68
1045.88
1046.24
1046.74
1047.37
1048.12
1049.01
1050.02
1051.16
1052.42
1053.8
1055.3
1056.9
1058.61
1060.42
1062.33
1064.32
1066.4
1068.55
1070.78
1073.08
1075.45
1077.87
1080.36
1082.91
1085.5
1051.7
1050.79
1050.25
1050.01
1050.01
1050.2
1050.56
1051.07
1051.73
1052.52
1053.46
1054.54
1055.76
1057.11
1058.6
1060.22
1061.95
1063.81
1065.78
1067.86
1070.04
1072.32
1074.69
1077.15
1079.69
1082.31
1085.01
1087.77
1090.61
1093.52
1056.21
1055.38
1054.87
1054.65
1054.66
1054.85
1055.22
1055.74
1056.41
1057.24
1058.22
1059.36
1060.65
1062.1
1063.68
1065.42
1067.29
1069.29
1071.42
1073.68
1076.05
1078.53
1081.12
1083.81
1086.6
1089.49
1092.46
1095.52
1098.67
1101.91
1060.85
1060.15
1059.72
1059.56
1059.61
1059.83
1060.22
1060.76
1061.45
1062.31
1063.33
1064.52
1065.88
1067.4
1069.09
1070.93
1072.93
1075.08
1077.37
1079.8
1082.36
1085.05
1087.86
1090.79
1093.83
1096.99
1100.24
1103.61
1107.09
1110.68
1065.54
1065.02
1064.72
1064.66
1064.8
1065.09
1065.52
1066.11
1066.84
1067.74
1068.8
1070.04
1071.45
1073.05
1074.82
1076.76
1078.88
1081.16
1083.61
1086.21
1088.96
1091.86
1094.89
1098.06
1101.36
1104.79
1108.36
1112.05
1115.89
1119.89
1069.93
1069.6
1069.46
1069.54
1069.79
1070.18
1070.7
1071.35
1072.15
1073.09
1074.19
1075.47
1076.93
1078.58
1080.41
1082.43
1084.63
1087.02
1089.59
1092.32
1095.23
1098.3
1101.53
1104.92
1108.46
1112.16
1116.03
1120.1
1124.4
1129.04
1073.69
1073.54
1073.57
1073.81
1074.2
1074.71
1075.35
1076.1
1076.99
1078.01
1079.18
1080.52
1082.04
1083.74
1085.64
1087.72
1090
1092.47
1095.13
1097.98
1101.02
)
;

boundaryField
{
    front
    {
        type            wedge;
    }
    back
    {
        type            wedge;
    }
    bottomwall
    {
        type            zeroGradient;
    }
    topwall
    {
        type            zeroGradient;
    }
    reflector
    {
        type            zeroGradient;
    }
    hx
    {
        type            zeroGradient;
    }
}


// ************************************************************************* //
