/*--------------------------------*- C++ -*----------------------------------*\
| =========                 |                                                 |
| \\      /  F ield         | OpenFOAM: The Open Source CFD Toolbox           |
|  \\    /   O peration     | Version:  2406                                  |
|   \\  /    A nd           | Website:  www.openfoam.com                      |
|    \\/     M anipulation  |                                                 |
\*---------------------------------------------------------------------------*/
FoamFile
{
    version     2.0;
    format      ascii;
    arch        "LSB;label=32;scalar=64";
    class       volScalarField;
    location    "0/fluidRegion";
    object      alphat;
}
// * * * * * * * * * * * * * * * * * * * * * * * * * * * * * * * * * * * * * //

dimensions      [1 -1 -1 0 0 0 0];

internalField   nonuniform List<scalar> 
8595
(
0.581655
0.813002
0.981255
1.13179
1.25999
1.36869
1.46001
1.50875
1.52001
1.50019
1.4586
1.40126
1.34608
1.28102
1.25312
1.23215
1.26088
1.36539
1.52437
1.54923
1.54946
1.53904
1.52272
1.50359
1.4828
1.46096
1.43847
1.41565
1.39274
1.36991
1.34732
1.32505
1.3032
1.28182
1.26097
1.24068
1.22097
1.20186
1.18337
1.16548
1.14821
1.13154
1.11547
1.09998
1.08505
1.07064
1.05672
1.04324
1.03012
1.01726
1.00451
0.991668
0.978358
0.964486
0.948835
0.879585
0.656478
2.20394
2.6444
4.01821
5.49852
6.98947
8.39134
9.27383
9.83258
10.1238
10.1937
10.1128
9.91726
9.68767
9.39166
9.15754
8.83623
8.86627
9.44055
8.48273
7.14725
6.12022
5.3355
4.70439
4.18093
3.74855
3.38787
3.08304
2.82209
2.59606
2.39818
2.22334
2.06764
1.92806
1.80221
1.68822
1.58457
1.49001
1.40352
1.32424
1.25142
1.18443
1.12275
1.06589
1.01346
0.96511
0.920543
0.87953
0.841905
0.807589
0.776613
0.749192
0.725701
0.707418
0.694009
0.700678
0.917175
2.32506
2.34546
3.92936
6.18218
8.50513
10.6556
12.438
13.4934
14.1435
14.4947
14.6014
14.5419
14.3571
14.1273
13.813
13.5197
13.1004
12.8919
13.0638
11.853
10.1481
8.77307
7.67039
6.74687
5.96552
5.30415
4.74317
4.26433
3.85268
3.49621
3.18534
2.91244
2.67147
2.45757
2.26684
2.09609
1.94269
1.80448
1.67962
1.56654
1.46395
1.37068
1.28576
1.20832
1.13759
1.07292
1.0137
0.959415
0.909591
0.863822
0.82176
0.783161
0.747848
0.716284
0.687984
0.672286
0.890703
2.44534
2.36758
4.68435
7.4014
10.1201
12.4516
14.1243
15.0566
15.6507
16.0069
16.1704
16.198
16.1356
16.0142
15.7853
15.4981
15.0034
14.5044
14.1176
12.7489
10.9596
9.55767
8.42587
7.4599
6.63003
5.91579
5.30034
4.76778
4.30486
3.90059
3.54586
3.23319
2.95643
2.71054
2.49133
2.29529
2.1195
1.96147
1.8191
1.69057
1.57434
1.46905
1.37351
1.28669
1.20769
1.1357
1.07
1.00995
0.954992
0.904588
0.858252
0.815542
0.775957
0.739448
0.704677
0.678188
0.887985
2.5155
2.31421
5.01671
7.91568
10.7309
12.9444
14.2142
14.9465
15.4556
15.8022
16.0555
16.2315
16.3458
16.3917
16.3085
16.0812
15.5643
14.8257
13.8814
12.5017
10.7199
9.37682
8.30604
7.38947
6.59723
5.91103
5.3147
4.7941
4.33781
3.93638
3.58196
3.26797
2.98893
2.74025
2.51805
2.31903
2.14039
1.97973
1.83497
1.70431
1.58621
1.4793
1.38238
1.29441
1.21446
1.14173
1.07549
1.01512
0.96004
0.909752
0.863786
0.821713
0.782975
0.747385
0.712864
0.68486
0.892777
2.56583
2.21527
5.07075
7.83228
10.3939
12.1502
13.0141
13.5938
14.0414
14.4182
14.7811
15.1302
15.4497
15.702
15.8109
15.7098
15.2586
14.4291
13.0934
11.7776
10.0338
8.7641
7.77332
6.93075
6.20322
5.57395
5.02598
4.54578
4.12301
3.74938
3.41808
3.12344
2.86073
2.62593
2.41563
2.22692
2.05728
1.90453
1.76677
1.64237
1.52985
1.42797
1.33561
1.25179
1.17565
1.10644
1.04349
0.986242
0.934183
0.886888
0.843981
0.80515
0.769946
0.738308
0.707806
0.683705
0.898042
2.60686
2.13146
4.79194
6.86957
8.9839
10.1668
10.8779
11.3716
11.7906
12.213
12.684
13.1995
13.7254
14.2012
14.5352
14.6264
14.344
13.6092
12.1261
10.9115
9.2054
7.99962
7.08338
6.31364
5.6535
5.08658
4.59444
4.16343
3.78364
3.44744
3.14873
2.88252
2.64467
2.4317
2.24064
2.06894
1.9144
1.7751
1.64935
1.5357
1.43286
1.33968
1.25519
1.1785
1.10885
1.04556
0.98807
0.93587
0.888552
0.845784
0.807303
0.772941
0.742426
0.715948
0.691087
0.673469
0.900257
2.64308
2.10691
3.71145
5.3429
6.88022
7.80145
8.36994
8.77946
9.16883
9.61911
10.1669
10.8068
11.4996
12.1755
12.7349
13.0607
13.0387
12.5723
11.1917
10.0911
8.39481
7.2321
6.37597
5.66555
5.06712
4.5586
4.12013
3.73762
3.40128
3.10379
2.8395
2.60388
2.39325
2.20451
2.03507
1.88269
1.74545
1.62165
1.50983
1.40872
1.31717
1.23419
1.15893
1.0906
1.02854
0.972177
0.921014
0.874638
0.83272
0.795021
0.761384
0.731776
0.706113
0.684866
0.665861
0.655436
0.898494
2.67684
2.37877
3.10801
4.39027
5.30516
5.8187
6.1512
6.44727
6.80194
7.26507
7.85138
8.54862
9.32166
10.1111
10.8309
11.3721
11.6515
11.5701
10.4863
9.47026
7.71042
6.55552
5.73742
5.07237
4.52299
4.06271
3.66987
3.32961
3.03187
2.76941
2.53673
2.3296
2.14459
1.97891
1.83021
1.69649
1.57605
1.4674
1.36926
1.28048
1.20009
1.12721
1.06108
1.00104
0.946512
0.896996
0.852076
0.81141
0.774738
0.741893
0.712801
0.687538
0.666177
0.649451
0.635551
0.631744
0.891528
2.70937
3.419
3.58087
4.12254
4.32418
4.45664
4.64334
4.94533
5.38471
5.95141
6.6147
7.3386
8.09193
8.84626
9.56541
10.1901
10.7004
10.9912
10.2718
9.22317
7.24597
6.04575
5.2316
4.5924
4.07568
3.65005
3.29143
2.98376
2.71644
2.48204
2.27507
2.09136
1.92765
1.78128
1.65009
1.53223
1.42615
1.33051
1.24415
1.16605
1.09534
1.03124
0.973085
0.920283
0.87233
0.828794
0.789312
0.753595
0.721432
0.692698
0.66737
0.645582
0.627509
0.614077
0.603848
0.605131
0.880475
2.74592
2.82491
2.78527
2.75406
2.72142
2.68534
2.64233
2.58651
2.50486
2.36183
0.521757
0.859284
0.884967
0.904644
0.915123
0.916085
0.906428
0.888399
0.866915
0.850472
0.727365
0.562039
0.596601
0.632974
0.666141
0.690513
0.7014
0.697638
0.686177
0.693323
0.822202
0.559749
0.595543
0.636307
0.676854
0.710122
0.728674
0.727173
0.707759
0.695854
0.836403
0.571075
0.607822
0.651847
0.698026
0.738263
0.763049
0.763901
0.739308
0.71395
0.849427
0.58607
0.624187
0.671314
0.722479
0.768787
0.799061
0.802211
0.773358
0.735684
0.862182
0.605392
0.645501
0.696067
0.752161
0.804074
0.839081
0.843844
0.810672
0.761351
0.874824
0.628055
0.670735
0.725202
0.786448
0.84387
0.883183
0.888949
0.851043
0.790055
0.887652
0.653892
0.69968
0.758576
0.825369
0.888449
0.931864
0.938083
0.894768
0.821563
0.90082
0.68285
0.732257
0.796144
0.868995
0.938049
0.985538
0.991729
0.942167
0.855769
0.91444
0.715043
0.768575
0.838056
0.917571
0.993052
1.04471
1.05044
0.993642
0.892707
0.928582
0.750694
0.808873
0.884602
0.97148
1.05395
1.10997
1.11481
1.04965
0.932495
0.943299
0.790121
0.853503
0.936199
1.03124
1.12138
1.18203
1.18553
1.1107
0.975321
0.958628
0.833734
0.902926
0.993386
1.09749
1.1961
1.2617
1.26339
1.17739
1.02143
0.974599
0.882041
0.957709
1.05683
1.17103
1.279
1.34995
1.34928
1.25038
1.07111
0.991235
0.935649
1.01854
1.12733
1.2528
1.37117
1.44791
1.44424
1.33043
1.12472
1.00856
0.99529
1.08625
1.20585
1.34392
1.47387
1.55689
1.54947
1.41843
1.18265
1.02659
1.06184
1.16182
1.29353
1.44571
1.58859
1.67844
1.66638
1.51539
1.24538
1.04535
1.13633
1.24643
1.39174
1.55977
1.7171
1.81437
1.79659
1.62249
1.31345
1.06486
1.22003
1.34149
1.5021
1.68795
1.86146
1.96682
1.94204
1.74112
1.3875
1.08514
1.31444
1.44871
1.62656
1.83251
2.02418
2.13833
2.10498
1.87291
1.46829
1.10619
1.42137
1.57016
1.76754
1.99619
2.20821
2.3319
2.2881
2.0198
1.5567
1.12805
1.543
1.70831
1.92789
2.18228
2.41723
2.55117
2.49459
2.18408
1.65381
1.15073
1.68207
1.86623
2.11113
2.39478
2.6556
2.80058
2.72822
2.36848
1.7609
1.17424
1.84192
2.04774
2.32158
2.63859
2.92866
3.0855
2.99382
2.57607
1.87952
1.1986
2.02674
2.25756
2.56464
2.91977
3.24295
3.41246
3.29714
2.81103
2.01129
1.22383
2.24182
2.50165
2.84705
3.24587
3.60656
3.7895
3.64522
3.07844
2.15827
1.24992
2.49388
2.78759
3.17732
3.62629
4.02949
4.22648
4.04674
3.38452
2.32351
1.27688
2.79155
3.12505
3.56627
4.07288
4.5242
4.73564
4.51246
3.73705
2.51058
1.3047
3.14609
3.52657
4.02775
4.60062
5.10622
5.33212
5.05576
4.14587
2.72403
1.33336
3.57228
4.00851
4.57961
5.22846
5.79491
6.03467
5.69338
4.62355
2.96982
1.36279
4.08983
4.59239
5.2449
5.98039
6.6143
6.86637
6.44618
5.18633
3.2559
1.39289
4.7253
5.30669
6.05351
6.88661
7.59384
7.85532
7.34018
5.85543
3.59317
1.42347
5.51525
6.18976
7.04435
7.98508
8.76939
9.03539
8.40785
6.65917
3.9971
1.45417
6.511
7.29345
8.26805
9.32286
10.1835
10.4464
9.68931
7.63609
4.49079
1.48434
7.77922
8.68143
9.78326
10.9511
11.8796
12.1288
11.2296
8.83682
5.10928
1.51263
9.40058
10.4265
11.6507
12.9168
13.8944
14.1181
13.0765
10.3276
5.9068
1.5361
11.5971
12.7278
14.0379
15.3572
16.34
16.5128
15.3342
12.2382
7.00036
1.54853
14.9117
16.0162
17.3286
18.6158
19.5093
19.5463
18.1947
14.7938
8.68029
1.53422
17.4788
18.6958
20.1399
21.5163
22.4161
22.3585
20.8199
17.1493
10.6339
1.34503
15.9385
17.139
18.5083
19.7625
20.483
20.2113
18.5191
14.9443
9.02991
1.16692
16.6277
17.7622
18.8961
19.7648
20.0104
19.2506
17.1355
13.3563
7.68858
1.01882
17.7966
18.866
19.7389
20.1612
19.8596
18.5778
16.1155
12.2853
6.91457
0.929382
18.6982
19.6385
20.2005
20.1791
19.4
17.7413
15.0927
11.3215
6.27963
0.858094
19.1343
19.9452
20.2256
19.8421
18.7256
16.8314
14.0997
10.438
5.72524
0.794749
18.97
19.681
19.745
19.1001
17.7678
15.7577
13.0396
9.54231
5.17087
0.740045
18.1797
18.7948
18.7059
17.9405
16.5521
14.5629
11.9583
8.68377
4.67028
0.689627
16.7588
17.3545
17.252
16.499
15.165
13.2881
10.8671
7.8604
4.21684
0.640987
14.9012
15.5451
15.5057
14.8396
13.6315
11.9313
9.74691
7.04548
3.78656
0.592675
12.788
13.5148
13.5794
13.0417
12.0009
10.516
8.60062
6.22829
3.36503
0.543824
10.5684
11.3859
11.568
11.1745
10.3196
9.0685
7.43786
5.40598
2.94399
0.493928
8.36603
9.26059
9.5517
9.29903
8.63203
7.61861
6.27552
4.58458
2.52229
0.442895
6.27748
7.21784
7.59204
7.46234
6.97334
6.19056
5.128
3.77027
2.10047
0.390492
4.40322
5.33633
5.74336
5.70619
5.37525
4.80651
4.00865
2.9688
1.67908
0.336914
2.80293
3.64998
4.03127
4.0543
3.85707
3.48076
2.92828
2.18952
1.26529
0.280581
1.69822
2.31813
2.5615
2.56802
2.45349
2.22836
1.88765
1.4231
0.849468
0.222188
1.19768
0.865291
0.822657
0.848431
0.875783
0.884702
0.87077
0.828509
0.748814
0.149687
0.290408
0.271179
0.262417
0.257851
0.257759
0.262066
0.27033
0.281623
0.295154
0.309403
0.318121
0.966721
0.844271
0.761611
0.698693
0.63537
0.575933
0.526545
0.494788
0.48108
0.48667
0.509403
2.04915
1.71244
1.53014
1.41036
1.31137
1.23079
1.17182
1.14601
1.16464
1.24683
1.40696
3.11544
2.72921
2.5262
2.4037
2.31656
2.25886
2.23105
2.24714
2.33519
2.52133
2.84512
3.96666
3.6389
3.47687
3.38695
3.33187
3.30658
3.31194
3.36087
3.49015
3.71548
4.08079
4.54947
4.30391
4.20783
4.16826
4.15413
4.16133
4.19118
4.25189
4.38053
4.58042
4.8849
4.93263
4.7403
4.70279
4.71241
4.73586
4.76731
4.80739
4.85931
4.95648
5.09486
5.2974
5.1983
5.00052
4.99028
5.03299
5.08248
5.12687
5.16455
5.19711
5.24968
5.31802
5.41897
5.43364
5.15835
5.12663
5.17404
5.23218
5.27795
5.30531
5.31421
5.32267
5.32942
5.34845
5.72006
5.29992
5.18793
5.20119
5.24453
5.27871
5.2902
5.27609
5.24844
5.20946
5.17175
6.12619
5.51467
5.26277
5.19436
5.19158
5.19656
5.18502
5.14922
5.09534
5.0281
4.95976
6.73146
5.90615
5.46127
5.25637
5.16492
5.11366
5.06673
5.01018
4.94267
4.86774
4.79686
7.61727
6.58611
5.92388
5.54035
5.3187
5.18037
5.08142
5.00198
4.93208
4.86774
4.81761
8.87428
7.66573
6.7958
6.22278
5.85039
5.60501
5.43953
5.32846
5.25581
5.20675
5.18582
10.4034
9.08133
8.05604
7.32588
6.81648
6.46472
6.22517
6.06949
5.98068
5.93607
5.9362
12.038
10.6818
9.57384
8.74199
8.13194
7.69304
7.38504
7.18034
7.06426
7.01098
7.01668
13.6532
12.3376
11.221
10.3503
9.68791
9.19508
8.83818
8.59253
8.44696
8.37772
8.37735
15.1365
13.9238
12.8653
12.0173
11.3552
10.8511
10.4772
10.212
10.0469
9.96505
9.95652
16.3902
15.3294
14.3837
13.6112
12.9987
12.5268
12.1736
11.9206
11.7543
11.6739
11.6657
17.3314
16.46
15.6692
15.0143
14.4912
14.0888
13.7898
13.5782
13.4409
13.3822
13.3897
17.8905
17.2371
16.6332
16.127
15.7237
15.42
15.2028
15.0584
14.975
14.9578
14.9977
18.0041
17.5912
17.1972
16.8613
16.5987
16.4134
16.2969
16.238
16.226
16.2656
16.3512
17.614
17.4586
17.2896
17.137
17.0264
16.97
16.9642
17.0005
17.0694
17.1741
17.3125
16.6951
16.8022
16.8581
16.8865
16.9242
16.992
17.0914
17.2178
17.364
17.5307
17.7187
15.4353
15.7813
16.0372
16.2258
16.3932
16.5676
16.7558
16.9567
17.1661
17.3831
17.6098
13.9848
14.5362
14.9615
15.2867
15.564
15.8278
16.0889
16.3493
16.6074
16.8619
17.1168
12.3884
13.1089
13.6744
14.1145
14.4848
14.8234
15.1443
15.4522
15.7473
16.0286
16.3029
10.633
11.4783
12.1514
12.6836
13.1295
13.5289
13.8972
14.2413
14.5632
14.8617
15.1471
8.69978
9.60898
10.3468
10.9415
11.4416
11.8842
12.2852
12.6525
12.9896
13.2949
13.5817
6.66907
7.55057
8.28771
8.89827
9.41801
9.877
10.2886
10.6602
10.9957
11.2947
11.5693
4.67859
5.41374
6.05835
6.61478
7.10056
7.5338
7.92239
8.2709
8.58167
8.85579
9.1
2.92458
3.40299
3.85309
4.26508
4.64081
4.98554
5.30035
5.58532
5.83969
6.06217
6.25274
1.61265
1.80864
2.01534
2.21689
2.41162
2.59887
2.77705
2.94422
3.09815
3.2362
3.34909
0.845136
0.867616
0.910417
0.951789
0.993103
1.03377
1.07366
1.11249
1.15001
1.18608
1.21931
0.304329
0.326634
0.341652
0.353666
0.362941
0.370128
0.375572
0.379536
0.382214
0.383762
0.384245
2.49237
2.14794
1.84607
1.60643
1.41369
1.25714
1.1279
1.01952
0.927425
0.844214
0.766281
0.693059
0.628806
0.580798
0.546777
0.524123
0.51019
0.502449
0.498253
0.497114
0.505406
0.531576
0.582748
0.660222
0.755514
0.865728
0.990558
1.1373
1.31011
1.51225
1.74686
2.01611
2.30583
2.52639
2.66278
0.871776
0.851546
0.823661
0.793114
0.761426
0.729747
0.698916
0.669672
0.642644
0.617056
0.592785
0.570495
0.552138
0.539859
0.532581
0.528861
0.527195
0.526217
0.524821
0.522447
0.520224
0.522083
0.529867
0.544196
0.563055
0.585227
0.610009
0.638048
0.669076
0.702439
0.737326
0.77282
0.806904
0.83211
0.8482
0.595355
0.579283
0.562424
0.546271
0.531446
0.518489
0.507691
0.499178
0.492909
0.488568
0.486112
0.485549
0.486606
0.488394
0.490206
0.491582
0.492291
0.492263
0.491538
0.490203
0.488208
0.486154
0.484408
0.483271
0.482941
0.483478
0.484994
0.487748
0.492073
0.498302
0.506724
0.517549
0.530712
0.542969
0.553175
0.59172
0.573834
0.556465
0.541126
0.528124
0.517629
0.509598
0.503863
0.500155
0.498088
0.497495
0.498259
0.500051
0.502101
0.503895
0.505123
0.50565
0.505451
0.504579
0.503128
0.501137
0.499088
0.497311
0.496088
0.495516
0.495567
0.496275
0.497806
0.500408
0.504384
0.510095
0.517974
0.528426
0.539383
0.549651
0.599874
0.580743
0.563231
0.548605
0.536844
0.527876
0.521479
0.517339
0.515075
0.514282
0.514753
0.516321
0.518618
0.520903
0.522749
0.523927
0.524354
0.524037
0.523044
0.521496
0.519482
0.517344
0.515446
0.514071
0.51329
0.513058
0.513388
0.514408
0.516324
0.519404
0.523976
0.530459
0.539324
0.549311
0.559628
0.610997
0.591288
0.573992
0.56002
0.549159
0.54123
0.53592
0.532822
0.531484
0.531491
0.53262
0.534695
0.537342
0.539822
0.54174
0.542912
0.543287
0.54289
0.541798
0.540138
0.538054
0.535779
0.533717
0.53218
0.531234
0.530821
0.53094
0.531702
0.533297
0.535976
0.540057
0.545907
0.553803
0.562819
0.572811
0.626569
0.606596
0.589347
0.575612
0.565181
0.557839
0.5532
0.550776
0.550059
0.550618
0.552224
0.5547
0.557661
0.560347
0.562366
0.563564
0.563912
0.563445
0.562253
0.560468
0.558266
0.555846
0.553609
0.551913
0.550827
0.550283
0.55027
0.550894
0.552344
0.55487
0.5588
0.564514
0.572088
0.580549
0.590113
0.645703
0.62561
0.608105
0.59424
0.583906
0.576859
0.572632
0.570665
0.570397
0.571378
0.573377
0.576216
0.579498
0.582418
0.584573
0.585831
0.586175
0.585653
0.584359
0.582439
0.580077
0.577502
0.575078
0.573221
0.572005
0.571355
0.571254
0.571808
0.57321
0.575715
0.579673
0.585508
0.593165
0.601478
0.610683
0.668283
0.648004
0.629897
0.6156
0.605119
0.598158
0.59417
0.592523
0.592606
0.593943
0.596302
0.599504
0.603127
0.606314
0.60864
0.609986
0.610346
0.609775
0.608378
0.60631
0.60377
0.601008
0.598396
0.596374
0.595033
0.594293
0.594131
0.594658
0.596074
0.598647
0.602747
0.608858
0.61685
0.625349
0.63442
0.694193
0.673533
0.654512
0.639549
0.628737
0.621712
0.617846
0.616433
0.61681
0.618476
0.62119
0.624772
0.628771
0.632263
0.634794
0.636256
0.636649
0.636037
0.634535
0.63231
0.629574
0.626597
0.623786
0.621595
0.62013
0.619308
0.619104
0.619631
0.621105
0.623808
0.628137
0.634631
0.643122
0.652049
0.661255
0.723444
0.702141
0.68194
0.666121
0.654829
0.647625
0.643796
0.642564
0.643209
0.645196
0.64828
0.652272
0.656689
0.660528
0.663302
0.664908
0.665352
0.664707
0.663097
0.660703
0.657757
0.654547
0.651512
0.649147
0.647557
0.646657
0.64642
0.646971
0.648537
0.651419
0.656044
0.663009
0.672123
0.681656
0.691255
0.756131
0.733897
0.712283
0.695441
0.683544
0.676069
0.672217
0.671133
0.672038
0.674357
0.677837
0.68228
0.687165
0.691399
0.694455
0.696235
0.69675
0.696079
0.69436
0.691788
0.688614
0.685152
0.681875
0.67932
0.677601
0.676625
0.676365
0.676956
0.678641
0.681745
0.686726
0.69424
0.704084
0.714366
0.724578
0.792428
0.76897
0.745729
0.727709
0.715094
0.707271
0.703354
0.702404
0.703573
0.706247
0.710161
0.715107
0.720518
0.7252
0.728584
0.730571
0.731178
0.730491
0.728661
0.7259
0.722483
0.718747
0.71521
0.71245
0.710594
0.709542
0.709265
0.709909
0.711739
0.715104
0.720497
0.728636
0.739311
0.750469
0.761481
0.832584
0.807611
0.782534
0.763187
0.749747
0.741513
0.7375
0.73668
0.738131
0.741194
0.745592
0.751102
0.757106
0.762299
0.766061
0.768293
0.769016
0.768324
0.766383
0.763425
0.759746
0.755716
0.751896
0.748916
0.746914
0.745784
0.745495
0.746208
0.748207
0.751871
0.757732
0.766574
0.778184
0.790339
0.802314
0.876922
0.850142
0.823018
0.802192
0.787827
0.779125
0.774996
0.774314
0.776077
0.779575
0.784515
0.790662
0.797339
0.803113
0.807311
0.809832
0.810699
0.810017
0.807967
0.804801
0.800843
0.796497
0.792373
0.789156
0.786998
0.785786
0.785491
0.786286
0.788482
0.792486
0.798873
0.8085
0.821153
0.834431
0.847521
0.925835
0.896952
0.867561
0.845101
0.829711
0.820492
0.816237
0.815713
0.817828
0.821816
0.827371
0.834241
0.841684
0.848121
0.852823
0.855683
0.856728
0.856075
0.853918
0.850536
0.846283
0.841598
0.837147
0.833675
0.83135
0.830054
0.829758
0.830653
0.833074
0.837462
0.84444
0.854944
0.868759
0.883294
0.897647
0.979793
0.948498
0.916608
0.892352
0.875842
0.866062
0.86168
0.861345
0.863865
0.868414
0.874671
0.882365
0.890681
0.897877
0.903161
0.90642
0.907683
0.90708
0.904825
0.90122
0.896653
0.891605
0.886804
0.883061
0.880559
0.879177
0.878888
0.879901
0.882581
0.887404
0.895047
0.906529
0.921638
0.937579
0.953354
1.03934
1.00531
0.970675
0.944456
0.926729
0.916353
0.911856
0.911753
0.914744
0.919941
0.927003
0.93564
0.944955
0.953023
0.95898
0.962707
0.964238
0.963714
0.96137
0.957538
0.952641
0.947208
0.942033
0.938001
0.935312
0.933845
0.933573
0.934728
0.937708
0.943027
0.951419
0.963994
0.980545
0.998062
1.01543
1.10512
1.06801
1.03036
1.002
0.982966
0.971968
0.967379
0.967568
0.971116
0.977064
0.985054
0.994775
1.00524
1.01431
1.02105
1.02532
1.02718
1.02677
1.02435
1.02029
1.01505
1.00921
1.00364
0.999303
0.996421
0.994871
0.994632
0.99596
0.999288
1.00517
1.01441
1.02822
1.04638
1.06567
1.08485
1.17785
1.1373
1.09635
1.06567
1.04524
1.03361
1.02897
1.02953
1.03374
1.04056
1.04963
1.0606
1.07239
1.08261
1.09026
1.09519
1.09744
1.09719
1.09472
1.09043
1.08484
1.07857
1.07258
1.06792
1.06484
1.06322
1.06303
1.06457
1.06831
1.07485
1.08506
1.10025
1.12021
1.14149
1.16274
1.25839
1.21399
1.16943
1.13627
1.11436
1.1021
1.09747
1.09851
1.10351
1.11137
1.12168
1.1341
1.14741
1.15898
1.16768
1.17337
1.17611
1.17608
1.17359
1.16908
1.16312
1.1564
1.14998
1.145
1.14172
1.14004
1.13993
1.14174
1.14596
1.15326
1.16457
1.18134
1.20332
1.22687
1.25049
1.34769
1.29901
1.25055
1.21471
1.19127
1.1784
1.17388
1.17553
1.18149
1.19056
1.20234
1.21645
1.23153
1.24464
1.25458
1.26118
1.2645
1.26475
1.26228
1.25757
1.25124
1.24407
1.2372
1.23188
1.22842
1.2267
1.22672
1.22885
1.23365
1.24185
1.25444
1.273
1.29728
1.32338
1.34973
1.44689
1.39347
1.34077
1.3021
1.27708
1.26368
1.25939
1.26183
1.26895
1.27947
1.29297
1.30904
1.32618
1.34109
1.35247
1.36014
1.36417
1.36479
1.36239
1.3575
1.35081
1.34318
1.33586
1.33022
1.32659
1.32486
1.32507
1.32761
1.33312
1.34237
1.35645
1.37707
1.40396
1.43298
1.46245
1.55727
1.49864
1.44138
1.39972
1.37314
1.3593
1.35544
1.3589
1.36744
1.37969
1.39521
1.41358
1.43312
1.45014
1.4632
1.47214
1.47703
1.47813
1.47586
1.47083
1.4638
1.45571
1.44794
1.442
1.43823
1.43655
1.43702
1.44009
1.44646
1.45696
1.4728
1.49581
1.52568
1.55805
1.59111
1.68034
1.616
1.55387
1.50913
1.48104
1.46695
1.46377
1.46855
1.47883
1.49316
1.51108
1.53215
1.5545
1.57397
1.58902
1.59946
1.60538
1.60708
1.60504
1.59991
1.59256
1.58404
1.57585
1.56964
1.56579
1.56424
1.56507
1.56883
1.57625
1.58828
1.6062
1.632
1.6653
1.70153
1.73877
1.81791
1.74736
1.68007
1.63221
1.60276
1.58869
1.58653
1.59302
1.60546
1.62229
1.64307
1.66734
1.69298
1.71533
1.7327
1.74491
1.75208
1.75454
1.75282
1.74768
1.74005
1.73112
1.72256
1.71614
1.71228
1.71097
1.71233
1.71696
1.7257
1.73958
1.76
1.78911
1.8264
1.86709
1.90922
1.97211
1.89486
1.82222
1.77129
1.74073
1.72708
1.72642
1.73513
1.75024
1.77011
1.79431
1.82237
1.8519
1.87762
1.89773
1.91204
1.9207
1.92409
1.92283
1.91775
1.90991
1.90064
1.89177
1.88523
1.8815
1.88057
1.88265
1.88843
1.89884
1.915
1.93844
1.97149
2.01346
2.05937
2.10724
2.14554
2.06118
1.98307
1.92928
1.89805
1.88538
1.88686
1.89847
1.91692
1.9405
1.96881
2.00137
2.03549
2.06519
2.08852
2.10531
2.11575
2.1203
2.11964
2.11473
2.10676
2.09723
2.08816
2.08163
2.07818
2.07786
2.08094
2.08821
2.10074
2.11974
2.14688
2.18468
2.2322
2.28425
2.33891
2.34147
2.24969
2.16617
2.10994
2.07871
2.06783
2.07232
2.08769
2.11034
2.13848
2.17177
2.20971
2.24928
2.28366
2.31079
2.33051
2.34308
2.34903
2.34914
2.34451
2.33652
2.32683
2.31771
2.31138
2.30845
2.30902
2.31346
2.32271
2.33794
2.36052
2.39224
2.43583
2.48997
2.54932
2.61207
2.56409
2.46477
2.37617
2.31824
2.288
2.28004
2.28871
2.30901
2.33696
2.37073
2.41008
2.4545
2.50057
2.5405
2.57212
2.59529
2.61037
2.61798
2.61905
2.61484
2.60692
2.59721
2.58822
2.58234
2.58024
2.58209
2.58838
2.60023
2.61896
2.64606
2.68352
2.73424
2.79639
2.86448
2.93694
2.81895
2.7123
2.61936
2.56092
2.53313
2.52968
2.54412
2.57089
2.60558
2.64637
2.69315
2.74542
2.79928
2.84583
2.88274
2.90998
2.928
2.93757
2.93977
2.93608
2.92833
2.91873
2.91009
2.90498
2.90412
2.90776
2.91657
2.93185
2.9551
2.98798
3.03266
3.09224
3.16419
3.24284
3.32703
3.11371
3.00046
2.9045
2.8474
2.8242
2.82748
2.84988
2.88519
2.92854
2.97818
3.03416
3.09603
3.15932
3.21379
3.257
3.28901
3.31044
3.32224
3.3257
3.32257
3.31502
3.30563
3.29757
3.29359
3.29448
3.30058
3.31276
3.33255
3.36166
3.40196
3.4558
3.5265
3.61051
3.70203
3.80049
3.45943
3.3411
3.24436
3.19143
3.17595
3.18911
3.22253
3.26924
3.32387
3.38478
3.45233
3.52612
3.60098
3.66505
3.71576
3.75337
3.77869
3.7929
3.79761
3.79491
3.7874
3.77815
3.7708
3.76834
3.77158
3.78095
3.79756
3.82324
3.85993
3.90972
3.97521
4.05991
4.15889
4.2662
4.38207
3.87311
3.75245
3.65863
3.61427
3.61117
3.63887
3.68774
3.74994
3.81956
3.89519
3.97764
4.06659
4.15596
4.23188
4.29166
4.3358
4.36541
4.382
4.38757
4.38471
4.37659
4.36694
4.36007
4.35927
4.36537
4.37885
4.4011
4.43429
4.48063
4.54248
4.62271
4.72499
4.8426
4.96928
5.10641
4.38123
4.26299
4.1783
4.1496
4.16626
4.21569
4.28683
4.37073
4.46091
4.5564
4.65865
4.76749
4.87567
4.96669
5.03767
5.08946
5.12359
5.14205
5.1474
5.1429
5.13252
5.12092
5.1134
5.11379
5.12284
5.141
5.16996
5.21227
5.27048
5.34724
5.44573
5.56981
5.71032
5.86063
6.02346
5.0209
4.91256
4.84761
4.84649
4.89513
4.97817
5.08272
5.19837
5.31792
5.44111
5.57044
5.70604
5.83923
5.95013
6.03531
6.09612
6.13467
6.15364
6.15639
6.14717
6.1311
6.1142
6.10356
6.10401
6.11564
6.13864
6.17489
6.22745
6.29935
6.39361
6.51377
6.66394
6.8322
7.01074
7.20343
5.85657
5.77059
5.74587
5.79446
5.89758
6.03597
6.19428
6.35961
6.5243
6.68968
6.86008
7.03586
7.20555
7.34372
7.44662
7.51657
7.55666
7.5706
7.563
7.53955
7.50714
7.47389
7.45026
7.44364
7.45271
7.47683
7.51741
7.5782
7.66282
7.77476
7.91791
8.09681
8.29733
8.50874
8.73448
7.12497
7.11485
7.19906
7.36483
7.59007
7.84716
8.11584
8.37837
8.63036
8.88136
9.13928
9.40199
9.64582
9.82803
9.95142
10.0221
10.0456
10.0277
9.97536
9.89676
9.80164
9.7012
9.61032
9.54345
9.50475
9.49335
9.50943
9.55459
9.63142
9.74343
9.89484
10.0891
10.3065
10.5414
10.8029
9.48406
9.73161
10.1847
10.7604
11.4036
12.0729
12.7307
13.3113
13.8302
14.311
14.776
15.2287
15.6354
15.9264
16.0911
16.14
16.0847
15.9367
15.7082
15.4134
15.0699
14.7015
14.3545
14.0763
13.858
13.6875
13.5536
13.459
13.4107
13.4151
13.4783
13.6075
13.7922
14.0035
14.2336
10.7385
11.21
12.0278
13.0411
14.1454
15.2588
16.3041
17.2279
18.0402
18.7728
19.4531
20.0793
20.6031
20.9426
21.0973
21.0828
20.9121
20.5972
20.1518
19.5942
18.9505
18.2617
17.6124
17.092
16.6869
16.3714
16.1211
15.935
15.8202
15.7835
15.8308
15.9686
16.1865
16.4425
16.7151
11.2379
11.658
12.4982
13.6105
14.853
16.0828
17.1918
18.1631
18.9955
19.7201
20.3612
20.9087
21.303
21.4653
21.4075
21.1521
20.7163
20.1145
19.365
18.4948
17.5459
16.585
15.7336
15.0953
14.6347
14.3087
14.0827
13.9484
13.9039
13.9462
14.0718
14.2792
14.5431
14.827
15.1208
10.7779
11.1679
12.0429
13.2422
14.5825
15.8841
17.0461
18.0452
18.8808
19.5869
20.1888
20.675
20.9858
21.0462
20.868
20.472
19.8762
19.0995
18.1702
17.1329
16.0572
15.0436
14.2383
13.7285
13.4437
13.319
13.3122
13.4082
13.5959
13.8634
14.2004
14.5982
15.0063
15.3836
15.7323
10.2387
10.6846
11.6727
12.9886
14.4038
15.7448
16.9133
17.8919
18.6887
19.343
19.8808
20.2887
20.5045
20.4577
20.1632
19.6417
18.9122
17.9985
16.9414
15.8085
14.7019
13.7546
13.1188
12.84
12.8058
12.931
13.1696
13.5041
13.918
14.3954
14.9228
15.4872
16.0179
16.4686
16.8553
9.72963
10.3198
11.5028
12.981
14.4865
15.8595
17.0359
17.9935
18.7519
19.3569
19.8348
20.1699
20.2986
20.1533
19.7515
19.1131
18.2582
17.2163
16.0434
14.8324
13.7182
12.861
12.408
12.3554
12.5471
12.8803
13.3089
13.8178
14.3894
15.0067
15.6544
16.3163
16.9092
17.3866
17.777
9.20324
9.97996
11.3888
13.0399
14.6412
16.0462
17.2109
18.1443
18.8726
19.4418
19.8746
20.1532
20.2131
19.9867
19.4943
18.7554
17.7905
16.6344
15.3581
14.0775
12.9556
12.1734
11.8668
11.9866
12.338
12.807
13.3519
13.9636
14.6271
15.3257
16.0429
16.7594
17.3835
17.8678
18.25
8.66159
9.62867
11.2621
13.0822
14.779
16.2242
17.3957
18.3182
19.0259
19.5662
19.965
20.2041
20.216
19.9289
19.3658
18.5453
17.4871
16.228
14.8524
13.4922
12.3309
11.5647
11.3216
11.5205
11.9401
12.4603
13.0447
13.6909
14.3878
15.1197
15.8694
16.6144
17.2555
17.7412
18.115
8.08199
9.21179
11.0538
13.0407
14.84
16.3385
17.5338
18.4637
19.1697
19.7007
20.0826
20.2953
20.2709
19.9428
19.3305
18.4489
17.316
15.9643
14.4924
13.0361
11.7899
10.9617
10.6808
10.8562
11.2542
11.7491
12.3063
12.9284
13.6082
14.333
15.0852
15.8396
16.4895
16.9764
17.3454
7.44231
8.68547
10.7182
12.8791
14.797
16.368
17.607
18.564
19.2866
19.8264
20.2094
20.4146
20.3725
20.0156
19.3636
18.4308
17.2368
15.8197
14.2587
12.6935
11.3216
10.3582
9.94402
10.0029
10.3038
10.7105
11.1832
11.725
12.3338
13.0019
13.7143
14.4448
15.0855
15.5718
15.9443
6.73592
8.02728
10.2338
12.5828
14.6401
16.3045
17.6072
18.6099
19.3666
19.9315
20.3321
20.5469
20.505
20.1374
19.464
18.4988
17.2597
15.7806
14.1345
12.4542
10.9328
9.78843
9.17641
9.05136
9.19931
9.47108
9.81463
10.2273
10.7121
11.2713
11.9001
12.5777
13.1994
13.6873
14.0698
5.98203
7.24606
9.60616
12.1578
14.3737
16.1496
17.533
18.5977
19.4034
20.0075
20.4397
20.6781
20.6505
20.2861
19.6059
18.6251
17.3606
15.8414
14.1304
12.3464
10.6697
9.3166
8.46308
8.1113
8.07621
8.19297
8.39099
8.65423
8.98496
9.39548
9.89673
10.4829
11.0609
11.5395
11.929
5.22443
6.38444
8.87
11.6308
14.0157
15.9138
17.3897
18.5284
19.3946
20.0491
20.5234
20.7958
20.7922
20.44
19.7627
18.7786
17.5051
15.9671
14.2162
12.3535
10.5399
8.9836
7.87935
7.28347
7.05268
7.01097
7.06716
7.18458
7.35452
7.59079
7.92107
8.3651
8.85933
9.30532
9.68975
4.51452
5.5083
8.08497
11.048
13.5978
15.6181
17.191
18.4105
19.3446
20.0566
20.5802
20.8931
20.9188
20.5831
19.9133
18.9326
17.661
16.1211
14.3549
12.4451
10.5299
8.8014
7.46471
6.6275
6.1987
6.00242
5.93175
5.92727
5.95878
6.02521
6.1587
6.40803
6.76329
7.13848
7.4953
3.88071
4.68113
7.32451
10.4687
13.1618
15.2927
16.9595
18.2611
19.266
20.0389
20.6151
20.9713
21.0279
20.7092
20.0472
19.0717
17.8071
16.2759
14.5135
12.5868
10.6105
8.75483
7.22351
6.16429
5.54163
5.19335
5.00857
4.9117
4.84871
4.78764
4.73943
4.76375
4.91951
5.17017
5.46324
3.29347
3.93576
6.65882
9.95125
12.7503
14.9715
16.7238
18.1045
19.1792
20.0127
20.6412
21.0402
21.1263
20.8224
20.1663
19.1946
17.9372
16.419
14.6719
12.7508
10.7496
8.81455
7.13749
5.8902
5.08591
4.58519
4.28688
4.11374
3.99933
3.87877
3.7178
3.5468
3.46958
3.53776
3.71805
2.64731
3.27012
6.13617
9.53077
12.3918
14.6824
16.5111
17.966
19.1067
19.9979
20.676
21.1149
21.2278
20.9363
20.2836
19.3132
18.061
16.5555
14.8279
12.9254
10.9254
8.95162
7.1786
5.78725
4.82523
4.17481
3.7517
3.49119
3.33708
3.21206
3.03466
2.76674
2.48844
2.33916
2.34795
1.83152
2.69045
5.76195
9.19616
12.0866
14.4358
16.3355
17.8602
19.0629
20.0078
20.732
21.2084
21.3469
21.0679
20.4191
19.45
18.2016
16.7068
14.9982
13.1187
11.134
9.14881
7.32014
5.82979
4.74552
3.96192
3.40657
3.02935
2.80242
2.67405
2.55374
2.3307
1.97474
1.6592
1.49533
0.923658
2.2581
5.50568
8.91945
11.8282
14.2325
16.1984
17.7872
19.0469
20.042
20.8108
21.3254
21.4938
21.2346
20.5976
19.6359
18.3946
16.9106
15.2189
13.361
11.3948
9.4104
7.5497
5.99432
4.82499
3.9395
3.2651
2.75288
2.39625
2.18902
2.09643
2.01917
1.77953
1.40811
1.09788
0.393296
2.39704
5.39534
7.75474
9.29605
10.1794
10.5608
10.5543
10.2387
9.6506
8.75229
7.46405
5.75599
3.8805
2.25757
1.24329
0.83605
0.73265
0.728233
0.76029
0.811835
0.874177
0.940099
1.00224
1.06082
1.11811
1.17311
1.22141
1.26082
1.29888
1.3609
1.46387
1.48053
1.17834
0.28852
0.395392
2.54703
5.68004
8.08129
9.61303
10.4598
10.7901
10.7243
10.3446
9.68761
8.71591
7.35607
5.59603
3.70143
2.11221
1.16408
0.80565
0.723919
0.726969
0.762375
0.816453
0.881122
0.94969
1.0147
1.07495
1.13267
1.18583
1.22966
1.2616
1.28922
1.34298
1.45472
1.49566
1.22458
0.270814
0.397238
2.69737
5.96964
8.4149
9.93635
10.7464
11.0267
10.9038
10.462
9.73864
8.69643
7.26973
5.46659
3.56524
2.02528
1.12602
0.793079
0.720527
0.726689
0.763859
0.819741
0.88637
0.957149
1.02383
1.08304
1.13686
1.1824
1.21462
1.22979
1.2329
1.25344
1.33656
1.37645
1.14706
0.254488
0.398567
2.85939
6.2729
8.76007
10.2702
11.0447
11.2782
11.1028
10.6047
9.82173
8.71751
7.23416
5.39568
3.48597
1.97293
1.10619
0.787804
0.718877
0.725937
0.763747
0.820321
0.888433
0.961082
1.02902
1.08665
1.13574
1.1731
1.19351
1.19217
1.17108
1.155
1.19845
1.2351
1.06156
0.239666
0.399289
3.03237
6.58711
9.11314
10.6114
11.3531
11.5454
11.3247
10.7788
9.94593
8.79067
7.26169
5.39303
3.46757
1.95986
1.10179
0.785755
0.716616
0.722988
0.760591
0.817775
0.887318
0.961849
1.03085
1.08681
1.13094
1.15991
1.16926
1.15302
1.1106
1.0591
1.05083
1.06346
0.940152
0.223975
0.399222
3.21487
6.90723
9.46738
10.9538
11.6677
11.8271
11.5719
10.9903
10.1207
8.9283
7.36565
5.46975
3.51636
1.98803
1.11312
0.786895
0.713565
0.717474
0.753696
0.810781
0.881578
0.958341
1.02911
1.08451
1.12573
1.14941
1.15061
1.12258
1.0627
0.980948
0.917248
0.880854
0.786636
0.212486
0.398071
3.4041
7.22387
9.81044
11.2857
11.9793
12.1183
11.8441
11.2442
10.3559
9.14422
7.56183
5.64064
3.64335
2.06368
1.14268
0.791888
0.709817
0.709148
0.742488
0.798459
0.870139
0.949558
1.02329
1.08006
1.1212
1.14354
1.14157
1.1073
1.03594
0.931676
0.822113
0.724411
0.616469
0.219036
0.395346
3.59472
7.51968
10.12
11.5855
12.2706
12.4074
12.1365
11.5425
10.6606
9.45348
7.86931
5.92609
3.86677
2.19923
1.19597
0.802342
0.705874
0.697998
0.726455
0.779777
0.851524
0.933831
1.01196
1.07245
1.11688
1.14263
1.14373
1.11029
1.03473
0.915542
0.769901
0.620032
0.498016
0.24392
0.390027
3.77542
7.76196
10.3566
11.8161
12.5106
12.6717
12.4358
11.8818
11.0409
9.87137
8.31113
6.35458
4.21584
2.41677
1.28318
0.82133
0.702931
0.684489
0.70536
0.753678
0.823824
0.908606
0.992322
1.05892
1.10992
1.144
1.15552
1.13222
1.06252
0.937898
0.764305
0.567885
0.430361
0.282234
0.379487
3.91858
7.88302
10.4453
11.9088
12.6421
12.8678
12.7127
12.2471
11.4958
10.4112
8.9147
6.96565
4.73657
2.75419
1.42229
0.854258
0.703277
0.669939
0.679619
0.719376
0.784771
0.870165
0.959736
1.03433
1.09449
1.14086
1.1702
1.16892
1.12011
1.00587
0.81489
0.567421
0.397786
0.326162
0.35938
3.92814
7.68584
10.1717
11.6734
12.5122
12.8796
12.8847
12.5854
12.0002
11.0743
9.70639
7.80869
5.49782
3.27506
1.64425
0.910132
0.710803
0.657084
0.651049
0.677171
0.732279
0.813481
0.9066
0.989618
1.06007
1.1204
1.173
1.20768
1.20298
1.12841
0.944969
0.638228
0.39623
0.361509
0.204987
0.228586
0.247833
0.264122
0.278237
0.290702
0.301786
0.311568
0.319966
0.326763
0.331617
0.334128
0.333937
0.330363
0.320883
0.341113
0.33686
0.339514
0.346428
0.356466
0.369211
0.384752
0.403535
0.42628
0.453928
0.487603
0.528801
0.580471
0.645929
0.707115
0.562728
0.607691
0.667075
0.733383
0.802799
0.873887
0.946897
1.02298
1.10357
1.18997
1.2831
1.3842
1.49633
1.61675
1.71845
1.01559
1.18551
1.36011
1.52585
1.67838
1.81837
1.9487
2.07271
2.1933
2.31248
2.43154
2.55208
2.67692
2.79997
2.89738
1.63284
1.9329
2.20443
2.43854
2.63837
2.81056
2.96205
3.09877
3.22522
3.3444
3.45813
3.56832
3.67731
3.77724
3.84515
2.34676
2.73816
3.06561
3.33222
3.54875
3.72609
3.87375
3.99948
4.10907
4.20634
4.29357
4.37269
4.44525
4.50229
4.52151
3.10678
3.55883
3.92103
4.2049
4.42448
4.59249
4.72034
4.81768
4.89197
4.94825
4.98947
5.01787
5.03468
5.03103
4.98764
3.90793
4.4113
4.80637
5.10632
5.32488
5.47551
5.57163
5.62556
5.64728
5.6439
5.61994
5.57866
5.52197
5.44252
5.32666
4.77427
5.33559
5.77246
6.09471
6.31393
6.44404
6.50087
6.50001
6.45485
6.37558
6.26932
6.1416
5.99618
5.82866
5.63249
5.75148
6.38308
6.87266
7.22456
7.44819
7.55815
7.57274
7.51088
7.38957
7.22261
7.02062
6.79246
6.54514
6.27845
5.99372
6.93067
7.64235
8.19136
8.57697
8.80738
8.89822
8.86991
8.74407
8.54073
8.27701
7.96718
7.6241
7.25903
6.87741
6.48949
8.39714
9.19347
9.8041
10.2247
10.4635
10.5372
10.4678
10.2787
9.99172
9.62633
9.19974
8.72865
8.22909
7.71389
7.20422
10.23
11.104
11.7699
12.2213
12.467
12.5253
12.4191
12.1722
11.807
11.3436
10.8006
10.1971
9.55281
8.88769
8.23363
12.275
13.2105
13.9187
14.3929
14.6442
14.6925
14.5615
14.2749
13.8545
13.3196
12.6888
11.9813
11.2181
10.4242
9.63856
14.3152
15.2789
16.0028
16.4816
16.73
16.7701
16.6263
16.3215
15.8762
15.308
14.6334
13.8701
13.0378
12.1629
11.2869
16.2347
17.1889
17.8978
18.36
18.5939
18.624
18.4747
18.1678
17.7216
17.1515
16.4712
15.6952
14.8399
13.9302
13.006
17.9734
18.8841
19.5503
19.9764
20.1844
20.2005
20.0486
19.749
19.3177
18.7673
18.1087
17.3525
16.5106
15.6047
14.6706
19.4876
20.3235
20.9217
21.2937
21.4642
21.4604
21.305
21.0163
20.6079
20.0901
19.4706
18.7565
17.955
17.0835
16.1719
20.7383
21.4703
21.9774
22.2788
22.4006
22.3697
22.2069
21.9281
21.5449
21.0652
20.4944
19.8363
19.0939
18.2803
17.418
21.6899
22.2909
22.6863
22.9028
22.9655
22.9
22.7239
22.451
22.0907
21.6492
21.1302
20.5354
19.864
19.1249
18.333
22.3059
22.7517
23.0182
23.1382
23.1333
23.0258
22.8298
22.5566
22.2138
21.8063
21.3372
20.8072
20.2127
19.5589
18.8533
22.546
22.8168
22.9411
22.9566
22.8777
22.7221
22.4997
22.2188
21.8855
21.5044
21.0786
20.6091
20.0913
19.5279
18.9202
22.3699
22.451
22.4249
22.332
22.1757
21.9677
21.7127
21.4164
21.0835
20.7183
20.3249
19.9058
19.4571
18.9806
18.4751
21.7758
21.6716
21.503
21.3095
21.081
20.8223
20.533
20.2159
19.8742
19.5125
19.1356
18.748
18.3475
17.9367
17.5142
20.8884
20.6274
20.3429
20.07
19.7845
19.4847
19.1657
18.8279
18.4733
18.1063
17.7328
17.3587
16.9834
16.6105
16.2386
19.8046
19.4193
19.0476
18.7165
18.3895
18.059
17.7167
17.361
16.9929
16.6167
16.2387
15.8658
15.4987
15.1417
14.7929
18.5441
18.063
17.6286
17.2572
16.9017
16.55
16.1909
15.821
15.4407
15.0539
14.6669
14.2873
13.9166
13.5596
13.2144
17.0632
16.5116
16.0365
15.641
15.2699
14.9066
14.5379
14.159
13.7693
13.3723
12.9742
12.5827
12.2
11.8312
11.4761
15.3076
14.7135
14.2222
13.8214
13.4499
13.0877
12.7198
12.3403
11.9475
11.5439
11.1354
10.7296
10.3292
9.93909
9.5627
13.2521
12.6537
12.1779
11.7965
11.4454
11.1026
10.7521
10.3866
10.0032
9.60325
9.19131
8.7747
8.35671
7.94225
7.53966
10.87
10.3181
9.89743
9.56632
9.26296
8.96478
8.65598
8.32819
7.97696
7.60147
7.20442
6.79187
6.3677
5.93786
5.51817
8.14834
7.70698
7.38725
7.1419
6.91804
6.69567
6.46062
6.20422
5.92051
5.60604
5.26025
4.88628
4.48763
4.07257
3.66675
5.13351
4.87454
4.69775
4.5686
4.45162
4.33341
4.20391
4.05599
3.88338
3.68057
3.44317
3.16945
2.85968
2.52228
2.18885
2.21256
2.157
2.11879
2.09743
2.07926
2.06046
2.03732
2.00687
1.9657
1.90973
1.83401
1.73327
1.60141
1.43871
1.26364
0.369897
0.355948
0.347035
0.340383
0.335195
0.330809
0.326872
0.323095
0.319257
0.31518
0.310736
0.305961
0.301378
4.20818
4.27528
4.34444
4.415
4.48604
4.55525
4.85274
4.85279
4.85404
4.85518
4.85721
4.86013
4.86409
4.86913
4.87527
4.88249
4.89078
4.90006
4.91026
4.92128
4.933
4.94527
4.95792
4.97079
4.98365
4.99674
5.01071
5.02539
5.04062
5.05622
5.07203
5.08785
5.10347
5.11867
5.13319
5.14672
5.15889
5.16922
5.17717
5.18205
5.18229
4.6911
4.70602
4.72223
4.73517
4.74574
4.75391
4.75976
4.76331
4.76453
4.76341
4.7599
4.75398
4.74559
4.73467
4.72117
4.70501
4.68612
4.66445
4.64087
4.61651
4.59128
4.56512
4.53796
4.50971
4.48032
4.44972
4.41785
4.38467
4.35015
4.31425
4.27697
4.23834
4.19844
4.15745
4.11536
3.34735
3.36648
3.38786
3.40596
3.42098
3.43269
3.441
3.44582
3.44714
3.44495
3.43932
3.4303
3.41802
3.40258
3.38414
3.36284
3.33886
3.31235
3.28457
3.25526
3.22445
3.19217
3.1584
3.12313
3.08636
3.04804
3.00815
2.96667
2.92357
2.87885
2.83254
2.78471
2.73548
2.68508
2.63387
2.17452
2.18124
2.19096
2.20029
2.20901
2.21679
2.22338
2.22858
2.23226
2.23433
2.23473
2.23346
2.23053
2.22599
2.2199
2.21234
2.2034
2.19318
2.18122
2.16728
2.15144
2.13375
2.11426
2.09301
2.07003
2.04533
2.01895
1.9909
1.96123
1.93
1.89728
1.86317
1.82781
1.7914
1.75421
1.79154
1.77228
1.75701
1.74429
1.73388
1.72543
1.71861
1.71313
1.70872
1.70514
1.70221
1.69974
1.6976
1.69568
1.6939
1.6922
1.69052
1.68886
1.68615
1.68211
1.6768
1.67028
1.66261
1.65384
1.64405
1.63332
1.62172
1.60937
1.59638
1.58291
1.56911
1.55518
1.54135
1.52788
1.51499
2.01875
1.96737
1.92107
1.87988
1.84358
1.81179
1.78413
1.76022
1.73968
1.72218
1.7074
1.69507
1.68494
1.67679
1.67045
1.66577
1.6626
1.66087
1.65952
1.65821
1.65692
1.65569
1.65456
1.65358
1.65283
1.65239
1.65239
1.65296
1.65424
1.65642
1.65969
1.66425
1.67036
1.67823
1.68801
2.59634
2.51121
2.43157
2.35953
2.29484
2.23704
2.18568
2.1403
2.10046
2.06571
2.03567
2.00996
1.98824
1.9702
1.95559
1.94418
1.93578
1.93022
1.92651
1.92426
1.92342
1.92399
1.92597
1.9294
1.93433
1.94086
1.94909
1.95914
1.97118
1.98537
2.00189
2.02097
2.04284
2.06769
2.09565
3.37976
3.2631
3.15091
3.04858
2.95568
2.87172
2.79617
2.72854
2.66833
2.61508
2.56832
2.52764
2.49265
2.46299
2.43835
2.41847
2.40309
2.39203
2.3842
2.37916
2.37686
2.37724
2.38029
2.38603
2.39452
2.40583
2.42007
2.43738
2.45794
2.48194
2.5096
2.54118
2.577
2.61733
2.66239
4.29318
4.1508
4.01043
3.88193
3.76455
3.65773
3.5609
3.47351
3.39505
3.32501
3.26295
3.2084
3.16097
3.12027
3.08597
3.05775
3.03536
3.01856
3.00619
2.9978
2.9933
2.99263
2.99577
3.00272
3.01353
3.02828
3.04707
3.07005
3.0974
3.12931
3.16603
3.20782
3.25498
3.30779
3.36645
5.33226
5.16957
5.00517
4.8545
4.71645
4.59037
4.47556
4.37139
4.27729
4.19274
4.11726
4.05038
3.99172
3.94091
3.89761
3.86154
3.83244
3.81011
3.79329
3.78152
3.7747
3.77277
3.7757
3.78348
3.79617
3.81386
3.83666
3.86473
3.89827
3.93752
3.98273
4.03422
4.09235
4.15738
4.22953
6.48895
6.3109
6.12662
5.95791
5.80347
5.66263
5.53452
5.41839
5.31354
5.21931
5.1351
5.06036
4.99459
4.93732
4.88817
4.84676
4.81278
4.78597
4.76551
4.75109
4.74258
4.73989
4.74297
4.75182
4.76647
4.78698
4.81347
4.84608
4.88498
4.93037
4.98247
5.04154
5.10782
5.18143
5.26228
7.74273
7.55245
7.34886
7.1623
6.99137
6.83549
6.69369
6.56514
6.44902
6.3446
6.25119
6.16814
6.09486
6.03082
5.97553
5.92855
5.8895
5.85803
5.83391
5.81698
5.80704
5.80398
5.80772
5.81824
5.83558
5.85981
5.89106
5.92953
5.97544
6.02907
6.09077
6.16094
6.24007
6.32849
6.42643
8.90662
8.71146
8.49513
8.29768
8.11689
7.9522
7.80242
7.6666
7.54382
7.43325
7.33415
7.24579
7.16754
7.0988
7.03904
6.98777
6.94454
6.90894
6.88138
6.86181
6.84999
6.84575
6.84894
6.85951
6.87744
6.90277
6.93558
6.97603
7.0243
7.08061
7.14527
7.2186
7.30104
7.39265
7.49335
9.84812
9.65418
9.43306
9.23356
9.05179
8.88709
8.73789
8.60297
8.48123
8.37171
8.27352
8.18585
8.10799
8.03926
7.97905
7.92682
7.88205
7.84428
7.81445
7.79262
7.77848
7.77176
7.77224
7.77974
7.79414
7.81533
7.84325
7.87784
7.91908
7.96693
8.02132
8.0822
8.14948
8.22244
8.29983
10.5456
10.3529
10.1295
9.93182
9.7535
9.59367
9.45009
9.32117
9.2055
9.10187
9.00921
8.92657
8.85309
8.78799
8.73058
8.68022
8.63631
8.59831
8.56747
8.54384
8.52704
8.51667
8.51239
8.51389
8.52086
8.53302
8.55007
8.57169
8.59755
8.62724
8.66028
8.6961
8.73407
8.77262
8.80919
11.0209
10.8239
10.5945
10.3975
10.2227
10.0687
9.93232
9.81138
9.70399
9.6086
9.52386
9.4486
9.3818
9.32252
9.26995
9.22332
9.18195
9.1452
9.11432
9.08932
9.06969
9.05492
9.04452
9.03802
9.03491
9.03469
9.03682
9.04069
9.04563
9.05085
9.05542
9.05826
9.05818
9.05282
9.03813
11.3192
11.1067
10.8619
10.6597
10.4845
10.3341
10.2037
10.0902
9.99107
9.90421
9.82792
9.76074
9.70141
9.64882
9.60199
9.56002
9.52212
9.48753
9.45729
9.43128
9.40887
9.38943
9.3723
9.35684
9.34234
9.32807
9.31324
9.29694
9.27817
9.25575
9.2283
9.19421
9.15174
9.09779
9.02656
11.4987
11.2536
10.9774
10.7591
10.576
10.4241
10.296
10.1875
10.0949
10.0154
9.9468
9.88726
9.83519
9.78926
9.7483
9.71126
9.67719
9.64524
9.61605
9.58936
9.56441
9.54041
9.51657
9.49204
9.46595
9.43733
9.40511
9.36811
9.32498
9.27415
9.21378
9.14173
9.05567
8.95175
8.82202
11.6266
11.3255
10.9945
10.7438
10.5409
10.3789
10.2471
10.1389
10.0494
9.97466
9.91183
9.85847
9.81259
9.77256
9.73697
9.70459
9.67431
9.64513
9.61727
9.59024
9.56314
9.53505
9.50503
9.47205
9.43505
9.39282
9.34404
9.28723
9.22068
9.14243
9.05015
8.94109
8.81227
8.65908
8.47085
11.7734
11.3872
10.9708
10.666
10.4273
10.2436
10.0989
9.98416
9.89222
9.81797
9.75744
9.7075
9.66568
9.62993
9.59854
9.57004
9.54313
9.51664
9.49025
9.46322
9.43452
9.4031
9.36784
9.32758
9.28101
9.22674
9.16316
9.08846
9.00058
8.8971
8.77517
8.63136
8.4619
8.26136
8.0153
12.0019
11.499
10.9621
10.5786
10.2865
10.0682
9.90056
9.77096
9.66971
9.58998
9.52663
9.47571
9.43416
9.39949
9.36966
9.34298
9.31798
9.29336
9.26809
9.24106
9.2111
9.17702
9.13756
9.09137
9.03696
8.97268
8.89666
8.80674
8.70043
8.57481
8.42636
8.25076
8.04309
7.79675
7.49142
12.3358
11.689
10.9927
10.5082
10.1489
9.88793
9.69176
9.54313
9.4291
9.34092
9.27215
9.21795
9.17466
9.13934
9.10968
9.08374
9.05986
9.03662
9.01239
8.98571
8.95528
8.91977
8.87779
8.82783
8.76821
8.69704
8.61213
8.51093
8.39038
8.24679
8.07558
7.87083
7.6251
7.32878
6.95074
12.7163
11.9175
11.0411
10.4481
10.0202
9.71878
9.49689
9.33192
9.20735
9.11247
9.03955
8.98293
8.93838
8.90259
8.87295
8.8473
8.82384
8.80096
8.77685
8.7499
8.71868
8.68176
8.63764
8.58463
8.52087
8.44421
8.35211
8.24154
8.10883
7.94937
7.7574
7.52528
7.24311
6.89948
6.45457
13.1039
12.1552
11.0941
10.3908
9.8962
9.55789
9.31376
9.13546
9.00275
8.903
8.82729
8.76921
8.72403
8.68813
8.65862
8.6332
8.60988
8.58697
8.56261
8.53512
8.50301
8.46475
8.41871
8.36306
8.29575
8.21436
8.11601
7.99723
7.85368
7.67998
7.46926
7.21263
6.89846
6.51594
6.02006
13.4948
12.3998
11.1539
10.3369
9.77466
9.40058
9.13552
8.94511
8.80516
8.70122
8.62316
8.5639
8.51824
8.48226
8.45289
8.42765
8.40446
8.38149
8.35692
8.329
8.29618
8.25685
8.20926
8.15147
8.08123
7.99589
7.89228
7.76648
7.61365
7.42771
7.20099
6.92389
6.58357
6.17183
5.63949
13.8927
12.6578
11.2275
10.2899
9.65607
9.24452
8.95766
8.75459
8.60693
8.49834
8.41748
8.35661
8.31007
8.27367
8.24413
8.21886
8.19567
8.1727
8.14802
8.11986
8.08659
8.04654
7.99788
7.93852
7.86609
7.77775
7.67004
7.53875
7.3786
7.18302
6.94375
6.65089
6.29039
5.85788
5.29798
14.2878
12.9344
11.3229
10.2561
9.54417
9.09156
8.7806
8.56324
8.40655
8.29222
8.20765
8.14438
8.09633
8.059
8.02896
8.00348
7.98033
7.95758
7.93316
7.90522
7.87209
7.83205
7.78318
7.72335
7.65007
7.56036
7.45061
7.31637
7.15208
6.95083
6.70383
6.40109
6.02635
5.57883
4.99006
14.6311
13.213
11.4376
10.2403
9.44597
8.94971
8.61279
8.37978
8.21293
8.09193
8.00288
7.93664
7.88664
7.84813
7.81748
7.79185
7.76893
7.74675
7.72304
7.69593
7.66371
7.62462
7.57673
7.51787
7.44549
7.35655
7.24735
7.11329
6.94862
6.74612
6.49629
6.18889
5.80331
5.34153
4.71143
14.8453
13.4671
11.5644
10.2455
9.36916
8.82885
8.46535
8.21619
8.03871
7.91069
7.81692
7.74756
7.69562
7.65604
7.62501
7.59957
7.5773
7.5562
7.53384
7.50836
7.47802
7.44107
7.39558
7.33935
7.26985
7.18402
7.07808
6.94736
6.78586
6.58604
6.33727
6.02878
5.63257
5.15292
4.458
14.8171
13.6635
11.6912
0.297099
0.294021
0.412338
2.04307
5.34028
8.71075
11.6288
14.0718
16.0867
17.7265
19.0357
20.079
20.8953
21.4571
21.6709
21.4516
20.8463
19.9089
18.6868
17.2195
15.5445
13.7038
11.7508
9.7649
7.87611
6.2686
5.03662
4.07892
3.31582
2.68621
2.17982
1.80544
1.57549
1.47808
1.36573
1.05479
0.160395
0.403139
2.12566
5.37487
8.68233
11.566
14.0009
16.0258
17.6877
19.0269
20.1054
20.9624
21.5711
21.8376
21.6714
21.1125
20.2132
19.0209
17.5759
15.917
14.0865
12.1358
10.1385
8.21837
6.56491
5.28564
4.28095
3.46653
2.77176
2.17908
1.69468
1.337
1.12318
0.986253
0.782384
0.142634
0.393653
2.1978
5.3909
8.63125
11.4764
13.8992
15.9319
17.6165
18.9896
20.1103
21.0188
21.6899
22.03
21.9409
21.4524
20.6135
19.4701
18.0624
16.4294
14.6134
12.664
10.6507
8.69282
6.98693
5.65573
4.60269
3.74011
2.98853
2.32289
1.74484
1.27346
0.934634
0.703424
0.517464
0.137945
0.382587
2.25209
5.34433
8.49046
11.2805
13.6828
15.7223
17.435
18.853
20.0318
21.0129
21.7734
22.2193
22.2417
21.8567
21.1093
20.0431
18.6968
17.1085
15.3195
13.3771
11.3471
9.34604
7.57956
6.187
5.07783
4.16321
3.35571
2.62087
1.95192
1.3667
0.903472
0.574263
0.3808
0.168096
0.322044
3.35277
6.69395
9.21491
10.9327
12.0431
12.6914
12.9718
12.9394
12.615
11.9424
10.7905
9.00696
6.64838
4.11407
2.01342
1.0077
0.733995
0.652572
0.625699
0.631969
0.668394
0.73578
0.824576
0.912479
0.990859
1.06104
1.1333
1.21565
1.30135
1.35348
1.30213
1.00572
0.546925
0.383115
0.323549
3.3428
6.73142
9.174
10.8141
11.8739
12.4977
12.7708
12.74
12.4208
11.754
10.606
8.81999
6.45146
3.92165
1.8902
0.974472
0.724297
0.642267
0.611195
0.612131
0.642217
0.702829
0.786813
0.874075
0.954457
1.02732
1.1022
1.18977
1.28755
1.3585
1.32716
1.0435
0.578267
0.383982
0.326527
3.52198
6.97789
9.40239
10.9938
11.9972
12.5648
12.784
12.7014
12.3307
11.6104
10.4077
8.57119
6.16813
3.65587
1.74214
0.937966
0.713096
0.631392
0.597073
0.593696
0.618529
0.673262
0.7527
0.839111
0.921552
0.997868
1.07656
1.17017
1.28035
1.37059
1.36239
1.09619
0.612773
0.385949
0.327306
3.63385
7.12887
9.53931
11.1019
12.0735
12.6089
12.7949
12.6768
12.2663
11.4984
10.2377
8.3364
5.88171
3.38345
1.60139
0.904676
0.701707
0.620401
0.58331
0.576082
0.596072
0.645067
0.719427
0.803978
0.887634
0.967155
1.04981
1.14951
1.27209
1.38204
1.39891
1.15693
0.657596
0.387271
0.32835
3.77386
7.31654
9.71933
11.2584
12.2019
12.7065
12.8584
12.7012
12.2443
11.4188
10.0863
8.10346
5.58477
3.10875
1.47527
0.87705
0.691547
0.610289
0.570649
0.559886
0.575406
0.618995
0.688139
0.770186
0.854342
0.93671
1.02321
1.1287
1.26311
1.39232
1.43418
1.21962
0.708832
0.388153
0.329325
3.90311
7.48426
9.87557
11.3911
12.3084
12.7851
12.9054
12.7109
12.2084
11.3242
9.91601
7.84558
5.26274
2.83258
1.36573
0.854757
0.682741
0.601261
0.55929
0.545284
0.556696
0.595294
0.65929
0.7384
0.822427
0.907249
0.997428
1.10833
1.25381
1.40155
1.46781
1.28316
0.766842
0.388525
0.330517
4.03684
7.65056
10.0258
11.5147
12.4032
12.8492
12.9347
12.6993
12.1464
11.1975
9.70621
7.5411
4.90024
2.55598
1.27285
0.837017
0.67528
0.593467
0.549428
0.5325
0.540196
0.574313
0.633422
0.709364
0.792736
0.879617
0.973301
1.08929
1.2449
1.41003
1.49954
1.3465
0.831822
0.388362
0.331589
4.16183
7.79339
10.143
11.5994
12.4551
12.8669
12.9143
12.6341
12.0267
11.0079
9.42657
7.16148
4.48143
2.28326
1.19558
0.822622
0.668873
0.586855
0.541127
0.521686
0.52614
0.556398
0.611097
0.683865
0.766216
0.854796
0.951881
1.07276
1.23743
1.41819
1.52906
1.40823
0.903074
0.387647
0.332638
4.27579
7.90145
10.2114
11.6259
12.4411
12.8114
12.8134
12.4816
11.8128
10.7165
9.03613
6.66705
3.99292
2.02223
1.13176
0.810101
0.663032
0.581232
0.534354
0.51295
0.514767
0.54192
0.592923
0.662784
0.743983
0.833995
0.934501
1.06035
1.2329
1.42644
1.55704
1.46861
0.978533
0.38644
0.339739
4.29091
7.90629
10.1802
11.5493
12.3154
12.634
12.5804
12.1871
11.4471
10.263
8.47439
6.00586
3.43643
1.78417
1.07796
0.797693
0.657044
0.57624
0.528971
0.506343
0.506316
0.531267
0.579383
0.646648
0.726891
0.81823
0.922133
1.05291
1.2329
1.43874
1.58742
1.53177
1.06331
0.385092
0.344603
4.23719
7.80827
10.0253
11.3316
12.0326
12.2829
12.1562
11.6828
10.8519
9.56109
7.65773
5.12897
2.84656
1.57957
1.0295
0.783373
0.649968
0.571426
0.524967
0.501563
0.500307
0.523936
0.570571
0.636625
0.716637
0.809565
0.916971
1.05288
1.24035
1.45733
1.62153
1.59813
1.15782
0.383859
0.34559
4.12984
7.58059
9.67947
10.8904
11.4973
11.6524
11.4255
10.8426
9.88684
8.46359
6.47311
4.04398
2.29627
1.41154
0.986005
0.76491
0.639728
0.564927
0.520275
0.497553
0.496475
0.520329
0.567256
0.633781
0.714807
0.810023
0.921357
1.06288
1.25808
1.48476
1.66085
1.66811
1.26225
0.383039
0.344516
3.98273
7.23961
9.15522
10.2087
10.6654
10.6722
10.2914
9.54062
8.38804
6.81131
4.87518
3.02538
1.86162
1.24336
0.914523
0.730372
0.621339
0.554541
0.514228
0.494018
0.494865
0.520909
0.570406
0.639623
0.723437
0.822121
0.938191
1.08614
1.28948
1.52375
1.70649
1.74165
1.3762
0.382885
0.340815
3.79983
6.75596
8.38794
9.17987
9.38528
9.1299
8.47601
7.49408
6.25163
4.80904
3.33537
2.15453
1.45039
1.05207
0.821287
0.682181
0.595245
0.540196
0.506708
0.490973
0.495822
0.526541
0.58158
0.656361
0.745304
0.849115
0.97112
1.12659
1.3383
1.57646
1.75799
1.81666
1.49718
0.383373
0.342535
3.63797
6.1893
7.41779
7.76352
7.56354
6.93688
6.01614
4.97355
3.91814
2.92485
2.08172
1.4694
1.09676
0.867729
0.722531
0.6276
0.564511
0.523253
0.498452
0.489046
0.500307
0.538857
0.603423
0.68744
0.784433
0.895407
1.02484
1.18891
1.40799
1.64232
1.80967
1.88403
1.61451
0.383815
0.351431
3.5446
5.59224
6.18498
5.9316
5.20322
4.25773
3.34704
2.6057
2.02825
1.58418
1.24575
0.997382
0.831577
0.716449
0.634223
0.57503
0.533448
0.50611
0.490986
0.489501
0.50999
0.560382
0.639987
0.737819
0.846344
0.966749
1.10529
1.27869
1.50106
1.71546
1.84689
1.92099
1.6895
0.378783
0.365138
3.42382
5.03232
5.05076
4.44282
3.60226
2.82729
2.23026
1.80543
1.49216
1.24617
1.04245
0.876894
0.756452
0.667326
0.601146
0.552951
0.519698
0.498883
0.488909
0.492402
0.520129
0.580762
0.67502
0.785965
0.90601
1.03585
1.18301
1.36129
1.57156
1.73449
1.79408
1.85806
1.68383
0.369172
0.379523
3.04134
3.75902
3.37007
2.7569
2.22298
1.83372
1.56333
1.36904
1.20907
1.06235
0.923482
0.799897
0.704392
0.631176
0.576276
0.536902
0.510833
0.495578
0.489683
0.496996
0.530532
0.598872
0.70474
0.824847
0.953409
1.08976
1.24134
1.41414
1.59007
1.66623
1.59895
1.6102
1.5041
0.370537
0.403811
2.48338
2.36193
1.95828
1.66285
1.47977
1.35902
1.2593
1.16147
1.05785
0.949569
0.840969
0.740873
0.661743
0.600909
0.556101
0.525145
0.505809
0.495283
0.492281
0.501882
0.538832
0.6104
0.72142
0.844576
0.977233
1.11733
1.2709
1.43504
1.57539
1.57298
1.36259
1.2656
1.47577
0.369262
0.303427
0.976347
1.20237
1.32329
1.35151
1.31296
1.23565
1.14255
1.04803
0.954023
0.860856
0.769633
0.686376
0.621468
0.572996
0.538773
0.516384
0.503289
0.496474
0.495023
0.505058
0.542001
0.609901
0.70928
0.826329
0.955773
1.09541
1.25033
1.41797
1.58354
1.70262
1.67577
1.35248
0.78726
0.285005
1.0314
1.02404
1.01747
1.01145
1.006
1.00111
0.99679
0.993045
0.98989
0.98734
0.985414
0.984134
0.983524
0.983612
0.984429
0.986012
0.9884
0.991641
0.995786
1.00089
1.00698
1.01409
1.02231
1.0317
1.04234
1.05433
1.06778
1.08278
1.09949
1.11807
1.13869
1.16159
1.18706
1.21547
1.24726
3.48305
3.46905
3.45704
3.44699
3.43983
3.43557
3.43431
3.4361
3.44095
3.44888
3.45986
3.47389
3.4909
3.51087
3.53372
3.55938
3.58778
3.61886
3.65257
3.68877
3.72791
3.76992
3.81478
3.86247
3.91299
3.96636
4.02259
4.08167
4.14356
16.1526
15.8188
15.4817
15.139
14.7878
14.4232
14.0414
13.6288
13.1784
17.3796
18.1295
18.7366
19.2254
19.6207
19.9338
20.1708
20.3335
20.4226
20.4394
20.3869
20.2697
20.0943
19.8681
19.5994
19.2964
18.9667
18.617
18.2531
17.8794
17.4994
17.1153
16.7283
16.3382
15.9432
15.5394
15.1195
14.6776
14.1928
13.6593
16.5786
17.4475
18.1806
18.7995
19.3291
19.7798
20.1566
20.4592
20.6859
20.8349
20.9059
20.9006
20.8226
20.6775
20.4726
20.216
19.9161
19.5812
19.2189
18.8361
18.4382
18.0296
17.613
17.1893
16.7569
16.3116
15.8431
15.3435
14.7848
14.1593
15.4295
16.3857
17.215
17.9391
18.5816
19.1524
19.6553
20.0887
20.449
20.7321
20.9349
21.0562
21.0969
21.0602
20.9514
20.777
20.5451
20.264
19.942
19.587
19.206
18.8046
18.3869
17.9549
17.5075
17.0409
16.5431
16.0042
15.3884
14.6764
13.8613
14.8681
15.7606
16.5612
17.2919
17.9614
18.5724
19.1223
19.6059
20.0175
20.3518
20.6053
20.7763
20.8656
20.876
20.8123
20.6809
20.489
20.2445
19.9551
19.6282
19.27
18.8854
18.4774
18.0465
17.5909
17.0994
16.5616
15.9362
15.1733
11.8342
12.8414
13.7511
14.5883
15.3712
16.107
16.7971
17.4379
18.0232
18.5457
18.9987
19.3769
19.6764
19.8959
20.0361
20.0996
20.0908
20.0153
19.8797
19.6905
19.4544
19.1771
18.8636
18.5178
18.1421
17.7386
17.3019
16.8259
16.2732
15.5455
9.33413
10.2712
11.1337
11.9489
12.7305
13.4832
14.207
14.8971
15.5464
16.1467
16.69
17.1695
17.5798
17.9179
18.1823
18.3739
18.4952
18.5499
18.5428
18.4789
18.3633
18.2006
17.9951
17.7506
17.4714
17.1639
16.8336
16.4873
16.1157
15.5837
6.43514
7.2053
7.92975
8.63696
9.3352
10.0266
10.7098
11.3792
12.0274
12.6457
13.2254
13.7586
14.2387
14.6609
15.0223
15.3218
15.56
15.7389
15.8613
15.9307
15.9503
15.9234
15.8529
15.7418
15.5955
15.4234
15.2436
15.0823
14.9929
14.8888
3.45761
3.94204
4.41312
4.89307
5.38646
5.89368
6.4129
6.93975
7.46802
7.99036
8.49893
8.98612
9.44502
9.86995
10.2566
10.6022
10.9053
11.1659
11.3848
11.5634
11.7034
11.8063
11.8739
11.9083
11.9146
11.9027
11.8975
11.9411
12.1555
12.6665
1.2522
1.40366
1.55983
1.7265
1.90866
2.10647
2.31968
2.54713
2.7869
3.0364
3.29246
3.55161
3.81028
4.06501
4.31264
4.55048
4.77637
4.98868
5.1863
5.36847
5.53474
5.68483
5.81874
5.93716
6.04277
6.14284
6.2528
6.41833
6.74501
7.58698
0.391694
0.404055
0.414066
0.422846
0.430794
0.43823
0.445298
0.452086
0.458628
0.464923
0.47095
0.476666
0.48202
0.486954
0.49141
0.495337
0.49869
0.501435
0.503548
0.50501
0.505809
0.505937
0.505421
0.504328
0.503014
0.501872
0.503654
0.510831
0.541041
0.640844
10.2733
9.32118
8.73955
8.35068
8.08612
7.89852
7.76391
7.66587
7.5939
7.54058
7.50056
7.46985
7.44533
7.42451
7.40528
7.38521
7.36242
7.33521
7.30179
7.26025
7.20843
7.14377
7.0632
6.96291
6.83807
6.68243
6.48797
6.24246
5.93448
5.52499
5.02214
4.22569
14.3973
13.7663
11.7998
10.3178
9.30357
8.68727
8.27671
7.99914
7.80315
7.66334
7.56222
7.48877
7.43516
7.39579
7.36648
7.34396
7.32564
7.3093
7.2926
7.27369
7.25084
7.22227
7.18607
7.14004
7.08161
7.00765
6.91421
6.79627
6.64711
6.45808
6.21487
5.90551
5.47661
4.94437
3.99854
13.3731
13.759
11.8763
10.372
9.31483
8.67362
8.24678
7.95942
7.75711
7.61348
7.51029
7.4361
7.3828
7.3446
7.31717
7.29713
7.28176
7.26874
7.25585
7.24126
7.22322
7.19993
7.16945
7.12952
7.07749
7.01007
6.92307
6.81103
6.66649
6.47971
6.23357
5.91474
5.45238
4.87698
3.6835
11.6389
13.6499
11.8981
10.4013
9.32905
8.67881
8.24522
7.95372
7.74855
7.60312
7.49885
7.42416
7.37085
7.33307
7.30642
7.28752
7.27358
7.26223
7.25127
7.23887
7.22327
7.20269
7.17517
7.13843
7.08978
7.02584
6.94228
6.83332
6.69089
6.50421
6.25308
5.92081
5.41494
4.75512
3.17306
1.24968
1.21023
1.17094
1.13088
1.09021
1.04893
1.00708
0.964682
0.921745
0.878278
0.834283
0.78977
0.744771
0.699355
0.653658
0.607914
0.562484
0.517884
0.474787
0.433974
0.396263
0.362075
0.331521
0.30207
0.273574
0.249647
0.236219
0.236679
0.248065
0.256241
4.61764
4.65825
4.69892
4.73588
4.76722
4.79183
4.80761
4.81244
4.80381
4.77896
4.73489
4.66842
4.57633
4.45559
4.30365
4.11891
3.90124
3.65254
3.37726
3.08275
2.77891
2.47738
2.18392
1.88288
1.58114
1.29399
1.04788
0.869132
0.777829
0.811078
5.17426
5.29176
5.41907
5.54912
5.67866
5.80517
5.92513
6.03455
6.12874
6.20232
6.24921
6.26271
6.23563
6.16068
6.03095
5.84075
5.58663
5.26864
4.89161
4.46613
4.00832
3.53813
3.07139
2.618
2.19091
1.8167
1.52287
1.32574
1.23137
1.25553
4.07142
4.23113
4.40941
4.60098
4.80306
5.01325
5.22808
5.44316
5.65293
5.85049
6.02754
6.17435
6.27989
6.33229
6.31945
6.23023
6.05592
5.79213
5.44074
5.01137
4.52133
3.9939
3.45275
2.94336
2.4846
2.10075
1.80638
1.60112
1.47238
1.41607
2.58193
2.70832
2.85543
3.02224
3.20851
3.41388
3.63708
3.87583
4.12644
4.38348
4.63941
4.88431
5.10578
5.28909
5.41781
5.47505
5.44528
5.31687
5.08479
4.75309
4.33656
3.86123
3.36231
2.89192
2.47818
2.13395
1.86226
1.65594
1.50018
1.39439
1.71625
1.7628
1.82728
1.91078
2.01462
2.14
2.28776
2.45817
2.65066
2.86333
3.09253
3.33217
3.57324
3.80333
4.00665
4.16472
4.25796
4.26846
4.18369
4.00049
3.72836
3.39044
3.01999
2.64566
2.31335
2.02844
1.79238
1.60126
1.44769
1.33951
1.50298
1.4683
1.44835
1.44468
1.45873
1.49187
1.54533
1.62015
1.71711
1.83647
1.97765
2.13876
2.31596
2.50271
2.68917
2.86193
3.00449
3.09902
3.12943
3.08554
2.96687
2.78437
2.55834
2.31135
2.06866
1.85097
1.66255
1.50482
1.37705
1.28999
1.70021
1.59652
1.50563
1.42945
1.36933
1.3265
1.302
1.29665
1.31111
1.34578
1.40079
1.47576
1.56956
1.67982
1.80235
1.93052
2.05484
2.16324
2.24233
2.27986
2.26798
2.20596
2.10097
1.96602
1.80918
1.65808
1.52154
1.4042
1.3086
1.24434
2.12757
1.96142
1.80676
1.66656
1.5424
1.43573
1.34769
1.27907
1.23033
1.20157
1.19256
1.20273
1.23118
1.2766
1.33703
1.40952
1.4897
1.57139
1.64655
1.70597
1.74078
1.74463
1.71565
1.65725
1.57667
1.48215
1.3919
1.31112
1.24336
1.19617
2.7135
2.48855
2.27202
2.06885
1.88118
1.71125
1.56097
1.43183
1.32483
1.24037
1.17827
1.13774
1.11745
1.11564
1.13021
1.1587
1.19828
1.24553
1.29617
1.34495
1.38582
1.41275
1.42107
1.40889
1.3778
1.32969
1.27572
1.22388
1.17771
1.14275
3.43251
3.1564
2.88297
2.61945
2.36845
2.13324
1.91684
1.72195
1.55086
1.40516
1.28568
1.19236
1.1242
1.07932
1.05513
1.04855
1.0562
1.07461
1.10031
1.12976
1.15928
1.18504
1.20333
1.21124
1.2074
1.19242
1.16582
1.13684
1.10838
1.08403
4.31074
3.99482
3.67319
3.35518
3.04343
2.74205
2.45508
2.18662
1.94057
1.72041
1.52892
1.3679
1.23798
1.13845
1.06725
1.02114
0.996032
0.987418
0.99079
1.002
1.01746
1.03412
1.04941
1.06123
1.06802
1.06903
1.06371
1.0518
1.03741
1.02213
5.35275
5.01719
4.6656
4.30858
3.94802
3.58825
3.23379
2.88971
2.56136
2.25417
1.97336
1.72354
1.50836
1.33002
1.18894
1.08356
1.01044
0.964613
0.940242
0.931365
0.932567
0.939435
0.948702
0.95813
0.966251
0.972133
0.975222
0.972751
0.96681
0.957212
6.53841
6.21587
5.86676
5.50153
5.12013
4.72608
4.32328
3.91658
3.51173
3.11521
2.73418
2.37609
2.04827
1.75737
1.50863
1.30518
1.14744
1.03288
0.956208
0.910226
0.88693
0.878729
0.879332
0.884166
0.890278
0.895924
0.900064
0.90191
0.898847
0.890969
7.60948
7.33699
7.03267
6.70442
6.34921
5.96883
5.56525
5.14155
4.70193
4.25181
3.79798
3.34855
2.9128
2.50078
2.12269
1.78792
1.50392
1.27508
1.10174
0.979887
0.901775
0.85736
0.836224
0.829244
0.82955
0.832636
0.835846
0.837613
0.835223
0.827902
8.38902
8.18736
7.95662
7.69956
7.41011
7.08828
6.73385
6.34751
5.93079
5.48634
5.01826
4.53232
4.03621
3.53964
3.05419
2.59284
2.16904
1.79529
1.48149
1.2331
1.04985
0.92557
0.849373
0.808161
0.789353
0.782851
0.781729
0.781828
0.780101
0.773856
8.85265
8.72599
8.57944
8.40882
8.20556
7.96847
7.69573
7.38608
7.03868
6.65336
6.23092
5.77344
5.28471
4.77062
4.23959
3.70276
3.17396
2.66912
2.20506
1.79752
1.45878
1.19518
1.0055
0.880986
0.807541
0.769304
0.75209
0.745361
0.742553
0.737749
9.02484
8.96647
8.90116
8.81707
8.70369
8.55922
8.38096
8.16657
7.91374
7.62044
7.28507
6.90672
6.48548
6.02288
5.52235
4.98975
4.43387
3.86681
3.30402
2.76376
2.26565
1.82837
1.46653
1.18763
0.990081
0.863473
0.791474
0.756268
0.742836
0.737683
8.95102
8.94844
8.95348
8.94674
8.91613
8.85964
8.77421
8.657
8.50504
8.31536
8.0851
7.81167
7.49301
7.12778
6.71575
6.25817
5.75826
5.22167
4.65704
4.07642
3.49545
2.93297
2.4098
1.94651
1.56027
1.26149
1.05143
0.921902
0.858515
0.840126
8.68209
8.72007
8.78041
8.83686
8.87601
8.89583
8.89317
8.86503
8.80817
8.71921
8.59474
8.43142
8.22614
7.97624
7.67969
7.33534
6.94323
6.50484
6.0235
5.50466
4.95633
4.38933
3.8176
3.25818
2.73079
2.25683
1.85764
1.55177
1.35303
1.2685
8.26642
8.32872
8.42756
8.53078
8.62389
8.70491
8.77081
8.81857
8.84489
8.84622
8.81891
8.75926
8.66369
8.52893
8.35214
8.13114
7.86457
7.55208
7.19454
6.79415
6.35462
5.88133
5.3814
4.86396
4.34046
3.82547
3.33796
2.90277
2.55279
2.34172
7.74569
7.81547
7.93539
8.06794
8.1979
8.3233
8.44143
8.54929
8.64372
8.72112
8.77773
8.80968
8.81315
8.78451
8.72051
8.61846
8.47634
8.29299
8.06816
7.80264
7.49827
7.15795
6.78558
6.38612
5.96563
5.5318
5.09528
4.67208
4.28861
4.00446
7.15481
7.21684
7.3411
7.48558
7.63488
7.78695
7.93964
8.0901
8.23546
8.37217
8.49656
8.60468
8.69259
8.75643
8.79269
8.79831
8.77091
8.70883
8.61131
8.47845
8.31125
8.11154
7.88187
7.62541
7.34585
7.04761
6.73653
6.42151
6.11844
5.86105
6.52321
6.56535
6.67854
6.81935
6.97143
7.13287
7.30223
7.4769
7.65451
7.83175
8.00519
8.17093
8.325
8.4634
8.58236
8.67851
8.74906
8.79196
8.80597
8.79074
8.74676
8.6753
8.57832
8.45831
8.31811
8.16096
7.99076
7.813
7.63724
7.48504
5.95485
5.97355
6.06332
6.18816
6.32856
6.48335
6.65165
6.83122
7.0204
7.21634
7.41607
7.61597
7.81226
8.00092
8.17805
8.34005
8.48378
8.60682
8.7075
8.78505
8.83955
8.8719
8.88373
8.87727
8.8552
8.82059
8.7771
8.72963
8.68609
8.66343
5.47949
5.47478
5.53531
5.63761
5.75758
5.89514
6.04977
6.21977
6.40434
6.60124
6.80821
7.02217
7.2397
7.45705
7.67039
7.876
8.07057
8.25137
8.41638
8.56446
8.69532
8.80956
8.90857
8.99445
9.06991
9.1382
9.20329
9.2704
9.34749
9.44983
5.0786
5.05094
5.08055
5.15758
5.25275
5.36687
5.49981
5.65035
5.81867
6.00326
6.2028
6.41489
6.63681
6.86526
7.09671
7.32761
7.55462
7.77484
7.98602
8.18673
8.37638
8.55529
8.72465
8.8865
9.04362
9.19955
9.35875
9.52699
9.71268
9.93004
4.72521
4.67511
4.67398
4.72515
4.79368
4.88068
4.98654
5.11036
5.25344
5.41503
5.59484
5.7914
6.00285
6.22662
6.4598
6.69924
6.94181
7.1847
7.42559
7.66286
7.89572
8.12429
8.34962
8.57372
8.79953
9.03094
9.27293
9.53201
9.8171
10.1414
4.3909
4.3199
4.28907
4.31558
4.35748
4.41538
4.49056
4.58212
4.69263
4.82202
4.97116
5.13951
5.32629
5.52989
5.74826
5.97896
6.2194
6.46709
6.71987
6.97615
7.23505
7.4966
7.76178
8.03263
8.31233
8.60521
8.91691
9.25475
9.62833
10.05
4.05741
3.97072
3.9124
3.91809
3.93587
3.96515
4.00875
4.06518
4.13851
4.22907
4.33883
4.4681
4.61719
4.78551
4.9721
5.17547
5.3939
5.62556
5.86876
6.12219
6.38513
6.65764
6.94076
7.23667
7.54884
7.88217
8.24315
8.64009
9.08357
9.58558
3.70072
3.60879
3.52551
3.5163
3.51466
3.51799
3.532
3.55356
3.58864
3.63736
3.70265
3.78533
3.88653
4.00657
4.1455
4.30291
4.47813
4.67033
4.87863
5.10238
5.3413
5.59576
5.86701
6.15747
6.471
6.81314
7.19136
7.6153
8.09694
8.64834
3.2832
3.20419
3.09714
3.08055
3.06589
3.04797
3.03792
3.02888
3.02952
3.03882
3.06041
3.09497
3.14404
3.20831
3.28846
3.38487
3.49782
3.62747
3.77397
3.93758
4.11881
4.31864
4.53879
4.78201
5.05253
5.35646
5.70215
6.10067
6.56588
7.11053
2.72417
2.70069
2.56576
2.54991
2.53196
2.5001
2.47699
2.44742
2.42456
2.40461
2.39189
2.38627
2.38912
2.40088
2.42221
2.4536
2.49563
2.54889
2.61414
2.69225
2.78437
2.89203
3.01734
3.16326
3.33405
3.53567
3.77647
4.06787
4.42492
4.86231
1.86543
1.95484
1.77618
1.78011
1.77679
1.74699
1.73444
1.70619
1.68429
1.6591
1.63651
1.61482
1.5953
1.57779
1.56259
1.54978
1.53956
1.53218
1.52802
1.52759
1.53162
1.54106
1.55723
1.58192
1.61766
1.66792
1.73756
1.83343
1.96499
2.14266
0.244933
0.223323
0.212882
0.218489
0.222889
0.228519
0.234901
0.241808
0.249553
0.258067
0.267405
0.277499
0.288237
0.29945
0.310933
0.322463
0.333814
0.34477
0.355135
0.364736
0.373425
0.381082
0.387607
0.392919
0.396939
0.399572
0.400692
0.400098
0.39754
0.392969
0.273778
0.265233
0.26939
0.27471
0.281942
0.29044
0.300049
0.310644
0.322224
0.33492
0.348991
0.364605
0.382044
0.401605
0.423561
0.448117
0.475394
0.505411
0.538097
0.5733
0.61081
0.650375
0.691719
0.73456
0.778613
0.82361
0.869301
0.915474
0.961946
1.00855
0.81919
0.880606
0.954813
1.06681
1.18294
1.29933
1.41122
1.51544
1.60925
1.68905
1.75052
1.80087
1.84225
1.87777
1.91095
1.94528
1.98387
2.02925
2.08327
2.14717
2.22165
2.30705
2.40335
2.51033
2.62756
2.7544
2.88997
3.03303
3.18196
3.33415
2.39657
2.3659
2.43719
2.58237
2.7248
2.85491
2.96616
3.0573
3.12617
3.17277
3.20626
3.23217
3.25487
3.27845
3.3065
3.34192
3.38688
3.44277
3.51029
3.58952
3.67999
3.78079
3.89065
4.00799
4.13097
4.2575
4.38529
4.51183
4.63429
4.74905
4.00668
3.97988
4.02482
4.13207
4.22433
4.29617
4.34326
4.36387
4.36213
4.34783
4.32757
4.3067
4.28947
4.27915
4.2779
4.28683
4.30611
4.3351
4.37246
4.41638
4.46467
4.5149
4.56458
4.6112
4.6524
4.68602
4.71024
4.72359
4.72489
4.71323
5.02188
5.05573
5.08924
5.14568
5.17102
5.16861
5.13572
5.07833
5.00631
4.92709
4.84681
4.77022
4.70059
4.63967
4.58781
4.54417
4.50699
4.47388
4.44203
4.40847
4.37025
4.32461
4.26911
4.20174
4.12102
4.02602
3.9164
3.79241
3.65474
3.50496
5.51567
5.60849
5.64024
5.65073
5.61338
5.54039
5.43679
5.31478
5.18236
5.0465
4.91265
4.7845
4.66392
4.5512
4.44525
4.34406
4.24499
4.14521
4.0419
3.93253
3.81503
3.6879
3.55029
3.40203
3.24363
3.07617
2.90131
2.7211
2.53792
2.35462
5.66522
5.79481
5.82169
5.78852
5.69311
5.55658
5.39478
5.21847
5.03592
4.85376
4.67661
4.50707
4.34592
4.19251
4.04518
3.90178
3.75997
3.61765
3.47313
3.32533
3.17387
3.01907
2.86196
2.7042
2.54794
2.39573
2.25034
2.11463
1.99137
1.88307
5.59442
5.73099
5.74284
5.6668
5.51918
5.3328
5.12564
4.90904
4.6916
4.4795
4.27653
4.08437
3.90307
3.7316
3.5683
3.41141
3.25938
3.11113
2.96623
2.82491
2.68811
2.55735
2.43466
2.32241
2.22313
2.13934
2.07334
2.02709
2.00213
1.9993
5.39392
5.50674
5.49239
5.37687
5.18827
4.96797
4.73286
4.49528
4.26363
4.04324
3.83689
3.64538
3.46818
3.30406
3.15156
3.00945
2.8769
2.75373
2.64036
2.53785
2.44773
2.37189
2.3124
2.27127
2.25036
2.25112
2.27457
2.32124
2.39107
2.48325
5.13813
5.19882
5.14861
4.99952
4.78615
4.55013
4.30765
4.07086
3.84702
3.64009
3.45159
3.2815
3.12888
2.99251
2.87128
2.76445
2.67185
2.59385
2.53134
2.4856
2.45814
2.45054
2.4642
2.50029
2.55954
2.64221
2.74804
2.8763
3.02568
3.19424
4.89149
4.87333
4.77794
4.60256
4.38172
4.14878
3.9194
3.70398
3.50782
3.33318
3.18042
3.04886
2.93744
2.84513
2.77118
2.71533
2.67773
2.65899
2.65995
2.68161
2.7249
2.79056
2.87896
2.99006
3.12328
3.27753
3.4512
3.64228
3.84829
4.06624
4.73276
4.61343
4.46718
4.27883
4.06925
3.8606
3.66543
3.49088
3.33982
3.21297
3.10993
3.02978
2.97163
2.93473
2.91871
2.92348
2.94926
2.99641
3.0653
3.1562
3.26909
3.4036
3.55891
3.73379
3.92656
4.13517
4.35735
4.59067
4.83257
5.0804
4.78536
4.55972
4.36701
4.18257
3.99968
3.8307
3.68293
3.55979
3.46225
3.39012
3.34278
3.31946
3.31949
3.34236
3.38771
3.45531
3.54495
3.65634
3.789
3.9422
4.11485
4.30555
4.51255
4.73383
4.96717
5.21024
5.46066
5.7161
5.97411
6.23212
5.19794
4.88061
4.64935
4.46805
4.3053
4.16768
4.05731
3.9748
3.91981
3.89169
3.88967
3.91298
3.96087
4.03264
4.1276
4.245
4.38398
4.5435
4.72231
4.91893
5.13166
5.35865
5.59792
5.84746
6.10532
6.36968
6.63892
6.91169
7.18668
7.46283
5.98708
5.58888
5.31493
5.11069
4.94769
4.82132
4.72907
4.66907
4.63973
4.63969
4.66769
4.72256
4.80313
4.90821
5.03656
5.18682
5.35753
5.54706
5.75365
5.97544
6.21048
6.4568
6.71248
6.97565
7.24461
7.51776
7.79376
8.07143
8.34937
8.62623
7.08587
6.61
6.28076
6.03988
5.85918
5.72714
5.63709
5.58468
5.56682
5.58111
5.62551
5.69819
5.79736
5.92123
6.06798
6.2357
6.4224
6.62603
6.84445
7.07551
7.31702
7.56683
7.82281
8.08285
8.34489
8.60691
8.86692
9.12297
9.37239
9.6122
8.44863
7.90682
7.5154
7.22435
7.00991
6.85616
6.75304
6.69375
6.67345
6.6884
6.73557
6.81224
6.9159
7.04413
7.19449
7.36457
7.5519
7.754
7.96836
8.19241
8.4236
8.65932
8.89695
9.1338
9.36718
9.59434
9.81258
10.0192
10.2108
10.3834
10.0231
9.44615
8.99902
8.65132
8.38976
8.19848
8.0661
7.98412
7.94606
7.94675
7.9819
8.04779
8.14106
8.25854
8.39718
8.55399
8.72604
8.91034
9.10391
9.30373
9.50669
9.70965
9.90941
10.1027
10.2863
10.457
10.6117
10.7477
10.8613
10.9483
11.7313
11.1727
10.6984
10.304
9.99169
9.75144
9.5745
9.45302
9.38004
9.34946
9.35587
9.39448
9.46096
9.55132
9.6618
9.7888
9.92882
10.0784
10.234
10.3921
10.5491
10.7015
10.8456
10.9778
11.0947
11.1929
11.2695
11.3222
11.3474
11.3409
13.4652
12.9942
12.5453
12.1393
11.793
11.5065
11.2781
11.1041
10.9799
10.9002
10.8595
10.8525
10.874
10.9193
10.984
11.0637
11.1543
11.252
11.3527
11.4525
11.5476
11.634
11.708
11.7661
11.8047
11.821
11.8123
11.7767
11.7113
11.6119
15.097
14.7849
14.4285
14.0694
13.732
13.4265
13.1592
12.9336
12.7503
12.608
12.5032
12.4319
12.3893
12.3704
12.3703
12.3843
12.4078
12.4366
12.4664
12.493
12.5124
12.5209
12.5147
12.4905
12.4452
12.3762
12.2814
12.1596
12.0081
11.8226
16.4862
16.3921
16.1943
15.9511
15.6863
15.4151
15.1497
14.8992
14.6705
14.4677
14.2927
14.1449
14.0222
13.9212
13.838
13.7682
13.7074
13.6512
13.5954
13.536
13.4692
13.3913
13.2989
13.1892
13.0594
12.9071
12.7308
12.5295
12.301
12.0407
17.4892
17.6446
17.6627
17.5976
17.4731
17.3049
17.1059
16.8868
16.6573
16.4259
16.1993
15.9825
15.7784
15.5876
15.4095
15.242
15.0824
14.9274
14.7737
14.618
14.4569
14.2875
14.1069
13.9125
13.7019
13.473
13.2239
12.9539
12.6595
12.3349
17.9342
18.3305
18.5779
18.7185
18.7759
18.7643
18.6941
18.5733
18.4098
18.2119
17.988
17.7462
17.4937
17.2363
16.9779
16.721
16.4666
16.2144
15.9635
15.7124
15.4593
15.2022
14.9393
14.6685
14.3876
14.0941
13.7851
13.4588
13.1077
12.7252
17.8532
18.448
18.8949
19.2249
19.4624
19.6195
19.7043
19.7213
19.6747
19.5693
19.4116
19.2088
18.9691
18.7005
18.4104
18.1051
17.7896
17.4678
17.1421
16.814
16.4841
)
;

boundaryField
{
    front
    {
        type            wedge;
    }
    back
    {
        type            wedge;
    }
    bottomwall
    {
        type            zeroGradient;
    }
    topwall
    {
        type            zeroGradient;
    }
    reflector
    {
        type            zeroGradient;
    }
    hx
    {
        type            zeroGradient;
    }
}


// ************************************************************************* //
