/*--------------------------------*- C++ -*----------------------------------*\
| =========                 |                                                 |
| \\      /  F ield         | OpenFOAM: The Open Source CFD Toolbox           |
|  \\    /   O peration     | Version:  2406                                  |
|   \\  /    A nd           | Website:  www.openfoam.com                      |
|    \\/     M anipulation  |                                                 |
\*---------------------------------------------------------------------------*/
FoamFile
{
    version     2.0;
    format      ascii;
    arch        "LSB;label=32;scalar=64";
    class       volScalarField;
    location    "0/fluidRegion";
    object      epsilon;
}
// * * * * * * * * * * * * * * * * * * * * * * * * * * * * * * * * * * * * * //

dimensions      [0 2 -3 0 0 0 0];

internalField   nonuniform List<scalar> 
8595
(
0.159435
0.435373
0.765478
1.1746
1.62066
2.07733
2.52146
2.78255
2.84527
2.73542
2.51416
2.22916
1.97605
1.70317
1.59426
1.51558
1.62407
2.06233
2.86982
3.01252
3.01389
2.95349
2.86056
2.75408
2.64143
2.52637
2.41149
2.29854
2.18874
2.08289
1.98151
1.88488
1.79316
1.70636
1.62444
1.54727
1.4747
1.40654
1.34259
1.28264
1.22646
1.17382
1.12451
1.07831
1.03498
0.994294
0.956019
0.919891
0.88562
0.852865
0.821191
0.790106
0.758717
0.726899
0.692083
0.551341
0.229217
0.108961
0.391644
0.612242
0.887769
1.18122
1.48931
1.78352
1.97501
2.03799
1.98106
1.84515
1.65552
1.47983
1.29232
1.18843
1.06681
1.08199
1.2688
1.28947
1.35641
1.41419
1.45747
1.491
1.51755
1.53569
1.54599
1.5496
1.54777
1.54163
1.53221
1.52035
1.50677
1.49203
1.47656
1.46074
1.44481
1.42899
1.41342
1.39818
1.38336
1.36898
1.35503
1.34148
1.32823
1.31516
1.30206
1.28863
1.27439
1.25863
1.24032
1.21781
1.18902
1.14937
1.09935
1.0078
0.751831
0.127931
0.131327
0.361375
0.57997
0.879587
1.23319
1.64094
2.00815
2.23882
2.30832
2.23789
2.07339
1.87088
1.67668
1.4777
1.3262
1.16506
1.0819
1.11339
1.08149
1.10489
1.13297
1.15822
1.18286
1.20615
1.22672
1.24398
1.25795
1.26889
1.27716
1.28316
1.28729
1.2899
1.29131
1.29178
1.29153
1.29075
1.28957
1.28809
1.28642
1.28461
1.28269
1.28068
1.27858
1.27636
1.27397
1.27128
1.26815
1.26432
1.25938
1.25268
1.24316
1.22933
1.20737
1.17713
1.11122
0.808254
0.148831
0.135078
0.325732
0.545755
0.888628
1.3467
1.90902
2.36918
2.63173
2.68647
2.59341
2.41099
2.19224
1.97036
1.74215
1.53893
1.32589
1.15282
1.05379
1.00906
1.02321
1.04218
1.05977
1.07865
1.09756
1.11524
1.13114
1.14517
1.15738
1.1679
1.17692
1.18463
1.19124
1.19691
1.20182
1.20609
1.20984
1.21316
1.21611
1.21877
1.22115
1.2233
1.22522
1.22691
1.22835
1.22951
1.2303
1.23063
1.23032
1.2291
1.22657
1.22204
1.21468
1.2017
1.18427
1.13946
0.842371
0.162011
0.126148
0.282378
0.501609
0.906482
1.51899
2.23796
2.73241
2.97073
2.99316
2.8866
2.69865
2.4706
2.22986
1.9776
1.73118
1.46891
1.21808
0.996663
0.950772
0.967751
0.987657
1.00518
1.02387
1.0425
1.05992
1.07578
1.09009
1.10292
1.11438
1.12461
1.13377
1.142
1.14943
1.15618
1.16235
1.16801
1.17325
1.1781
1.18262
1.18683
1.19074
1.19437
1.19771
1.20073
1.20341
1.20568
1.20744
1.20854
1.20875
1.20775
1.205
1.19996
1.1904
1.17886
1.1446
0.863515
0.171932
0.11065
0.244239
0.481347
1.01363
1.85199
2.58209
3.00482
3.17088
3.14901
3.0193
2.82818
2.60422
2.36437
2.10773
1.83995
1.54759
1.2457
0.932848
0.886271
0.909804
0.934724
0.955839
0.977559
0.998655
1.01809
1.03571
1.05162
1.06596
1.07888
1.09055
1.10113
1.11077
1.1196
1.12772
1.13524
1.14222
1.14873
1.15482
1.16053
1.16588
1.1709
1.17558
1.17992
1.18392
1.18752
1.19068
1.1933
1.19525
1.19632
1.19623
1.19447
1.19068
1.18273
1.1742
1.14455
0.881327
0.180313
0.0985614
0.24641
0.589216
1.38297
2.35797
2.92892
3.16825
3.18467
3.07381
2.90455
2.71207
2.50899
2.29661
2.06583
1.81084
1.52263
1.2098
0.850554
0.806321
0.839865
0.872572
0.899573
0.926342
0.951663
0.974726
0.995483
1.01416
1.03096
1.04611
1.05982
1.07227
1.08365
1.0941
1.10374
1.11268
1.12099
1.12876
1.13603
1.14285
1.14926
1.15526
1.16088
1.16611
1.17095
1.17537
1.17931
1.18272
1.18545
1.18735
1.18815
1.18742
1.18486
1.17838
1.17226
1.14482
0.899283
0.187933
0.0951937
0.416006
1.16052
2.35842
3.04574
3.23301
3.14845
2.94536
2.71401
2.49813
2.31023
2.14414
1.98478
1.81229
1.60989
1.36926
1.09436
0.742735
0.707558
0.755587
0.798582
0.833235
0.866131
0.896988
0.924834
0.949758
0.972096
0.992146
1.01019
1.0265
1.04132
1.05485
1.06727
1.07872
1.08932
1.09918
1.10838
1.11698
1.12504
1.1326
1.13968
1.14632
1.15251
1.15826
1.16356
1.16836
1.17262
1.17625
1.17909
1.18097
1.18149
1.18047
1.1758
1.17248
1.1467
0.91974
0.195227
0.137003
1.65598
3.3044
3.90473
3.73364
3.302
2.8318
2.41959
2.09516
1.85636
1.68751
1.56724
1.47144
1.37462
1.25344
1.09748
0.904646
0.612615
0.59464
0.661224
0.71603
0.759213
0.799018
0.835974
0.869123
0.898705
0.925167
0.948891
0.97023
0.98951
1.00702
1.02299
1.03764
1.05114
1.06363
1.07524
1.08604
1.09614
1.10558
1.11443
1.12272
1.13049
1.13775
1.14452
1.15079
1.15656
1.16179
1.16641
1.17035
1.17345
1.17544
1.17628
1.17386
1.17404
1.1503
0.941255
0.202431
0.40679
7.2744
6.63879
5.14506
3.82019
2.8299
2.13685
1.66909
1.36134
1.16394
1.04152
0.968445
0.923813
0.888202
0.842107
0.775823
0.679012
0.477252
0.48151
0.567146
0.632796
0.683299
0.729963
0.772911
0.811317
0.845562
0.876184
0.903639
0.928339
0.950661
0.970933
0.989435
1.0064
1.02203
1.03648
1.04989
1.06237
1.07402
1.08492
1.09512
1.10467
1.11363
1.12202
1.12987
1.13719
1.14398
1.15024
1.15594
1.16105
1.1655
1.16909
1.17198
1.1721
1.17642
1.15525
0.965746
0.210734
0.229449
0.219926
0.212616
0.205145
0.197093
0.187772
0.176122
0.159965
0.134096
0.266159
1.00491
0.984059
0.968871
0.957095
0.951223
0.948037
0.944043
0.929144
0.895618
0.721095
1.14048
1.13492
1.13675
1.14793
1.17057
1.20638
1.25304
1.29397
1.2728
1.04153
1.15373
1.14869
1.14979
1.15915
1.18003
1.21676
1.27279
1.34075
1.36293
1.09643
1.13845
1.13724
1.14085
1.15163
1.17341
1.21186
1.27394
1.35897
1.41278
1.14845
1.1298
1.13049
1.13548
1.14721
1.16966
1.20929
1.2754
1.37299
1.45423
1.20097
1.11907
1.12115
1.12729
1.14002
1.16348
1.20463
1.27441
1.38232
1.48749
1.25458
1.10812
1.11112
1.11812
1.13177
1.15633
1.19923
1.2727
1.38986
1.51696
1.31058
1.0966
1.10023
1.10793
1.12244
1.14821
1.19307
1.2704
1.39646
1.54459
1.36978
1.08453
1.08864
1.09692
1.11226
1.13931
1.18632
1.26773
1.4027
1.57173
1.43285
1.07188
1.07634
1.08515
1.10132
1.12971
1.17902
1.26473
1.40883
1.59919
1.50036
1.05858
1.06333
1.07263
1.08964
1.11943
1.17118
1.2614
1.41495
1.62746
1.57284
1.04459
1.04959
1.05936
1.07721
1.10847
1.16276
1.25771
1.42109
1.6568
1.65077
1.02983
1.03505
1.04529
1.06401
1.09678
1.15371
1.25358
1.42721
1.68738
1.73465
1.01424
1.01968
1.03038
1.04998
1.08431
1.14398
1.24893
1.43325
1.71927
1.82501
0.997766
1.0034
1.01457
1.03507
1.071
1.13349
1.2437
1.43912
1.75248
1.92239
0.980337
0.986159
0.997805
1.01923
1.0568
1.12217
1.23778
1.44471
1.78697
2.02736
0.961892
0.967898
0.980021
1.00238
1.04163
1.10994
1.23107
1.44991
1.8227
2.14055
0.94237
0.948554
0.961158
0.984472
1.02543
1.09673
1.22348
1.45459
1.85955
2.26264
0.921713
0.92807
0.941161
0.965442
1.00813
1.08246
1.21492
1.45859
1.89741
2.39435
0.899865
0.906393
0.919974
0.945236
0.989671
1.06706
1.20526
1.46177
1.93608
2.53646
0.876772
0.88347
0.897553
0.923813
0.970007
1.05046
1.19443
1.46395
1.97537
2.68981
0.852388
0.859257
0.873848
0.90112
0.949103
1.03263
1.18232
1.46495
2.015
2.85532
0.826675
0.833719
0.848829
0.877123
0.926901
1.0135
1.16894
1.4646
2.05464
3.03394
0.799606
0.806836
0.822478
0.851806
0.903382
0.993025
1.15412
1.46293
2.09392
3.22672
0.771167
0.778603
0.794798
0.825179
0.878549
0.971182
1.1378
1.45964
2.13271
3.43475
0.741362
0.749038
0.76582
0.797278
0.852441
0.947995
1.11993
1.45449
2.17075
3.65916
0.71022
0.71819
0.735608
0.768181
0.825144
0.923537
1.10053
1.44733
2.20727
3.90111
0.677801
0.686145
0.704273
0.738023
0.796803
0.897949
1.07968
1.43802
2.24168
4.1617
0.644201
0.65304
0.67199
0.707011
0.767655
0.871468
1.05755
1.42652
2.27329
4.44197
0.609571
0.619078
0.639015
0.675452
0.738051
0.84447
1.03447
1.41286
2.30133
4.74264
0.574129
0.584555
0.605716
0.643795
0.708515
0.817529
1.01097
1.39727
2.32491
5.06389
0.538185
0.549887
0.572621
0.612681
0.679807
0.7915
0.987889
1.3802
2.343
5.40477
0.502149
0.51563
0.540441
0.582996
0.653002
0.767629
0.966508
1.36247
2.35429
5.7621
0.466558
0.482532
0.510159
0.555998
0.629667
0.747779
0.9488
1.34544
2.35697
6.12824
0.432492
0.451992
0.483524
0.533862
0.612484
0.735159
0.938256
1.33178
2.34872
6.48534
0.401967
0.426388
0.463396
0.520078
0.60573
0.734934
0.940706
1.32655
2.32756
6.79193
0.37423
0.405513
0.450667
0.516991
0.613458
0.752984
0.96333
1.33524
2.28549
6.95812
0.344288
0.387437
0.446999
0.530592
0.646796
0.806076
1.02738
1.37518
2.2014
6.76699
0.3656
0.421233
0.500342
0.609555
0.758046
0.955397
1.21128
1.54481
2.15978
4.55963
0.320001
0.34315
0.38033
0.437861
0.523214
0.644036
0.808666
1.03077
1.43172
2.97752
0.375387
0.382265
0.399895
0.432024
0.481885
0.548974
0.631014
0.742748
0.967265
1.98163
0.425503
0.418224
0.422174
0.437061
0.460093
0.490203
0.532433
0.59951
0.749108
1.50424
0.445833
0.423897
0.413322
0.410534
0.414678
0.427416
0.451313
0.495261
0.601902
1.18397
0.438403
0.406355
0.386645
0.374749
0.370739
0.374525
0.387386
0.415994
0.492585
0.940645
0.40866
0.371535
0.348288
0.334389
0.327939
0.327748
0.33441
0.353187
0.409833
0.759468
0.366098
0.327661
0.304941
0.292394
0.286209
0.284567
0.28771
0.299847
0.341781
0.614579
0.317037
0.280592
0.260647
0.250174
0.244957
0.242997
0.244244
0.251924
0.28263
0.493496
0.266368
0.231923
0.214847
0.206842
0.203277
0.201982
0.202637
0.207606
0.229862
0.390108
0.215944
0.183922
0.16993
0.164519
0.162816
0.1626
0.163368
0.166765
0.182654
0.301377
0.168555
0.139277
0.128331
0.125329
0.125343
0.126223
0.127379
0.129877
0.140957
0.225802
0.125962
0.0998768
0.0918935
0.0909597
0.092342
0.0940942
0.0956271
0.097573
0.105023
0.162794
0.0892414
0.066809
0.061585
0.0622637
0.0645477
0.0668219
0.068579
0.0701399
0.074887
0.111577
0.0597832
0.041223
0.0382323
0.0398909
0.0425138
0.0448935
0.0466422
0.0478588
0.0506479
0.0716628
0.0380789
0.0227828
0.0211624
0.0230399
0.0254396
0.0275454
0.0290874
0.0300109
0.0314492
0.0413913
0.0262256
0.0127508
0.0116445
0.0128571
0.0144539
0.0158618
0.0168783
0.0173314
0.0178214
0.020554
0.017486
0.00659414
0.00566668
0.00621616
0.00683695
0.00704795
0.00672021
0.00578847
0.0042736
0.00628473
2.9305
2.38607
2.16218
2.05126
2.04909
2.15351
2.36374
2.67252
3.07655
3.54396
3.85206
0.598604
0.644046
0.677554
0.71055
0.738764
0.769636
0.813196
0.874609
0.943253
0.973553
0.956039
0.307655
0.322395
0.348277
0.373849
0.394521
0.412626
0.430287
0.446572
0.454958
0.438866
0.39709
0.205022
0.208876
0.224506
0.240871
0.254313
0.264861
0.272359
0.275608
0.271362
0.253447
0.223513
0.144741
0.150218
0.162312
0.174165
0.183557
0.190123
0.193561
0.193259
0.187522
0.173695
0.153541
0.106984
0.113813
0.124132
0.133604
0.140825
0.145394
0.147081
0.145663
0.140281
0.129842
0.115967
0.0815005
0.0881803
0.0970692
0.104992
0.110887
0.114371
0.115303
0.113727
0.109133
0.101252
0.0915659
0.0635196
0.069043
0.0764983
0.0832099
0.0882009
0.0910789
0.0917521
0.0903335
0.08659
0.0806143
0.073639
0.0507466
0.0544958
0.0603756
0.0659533
0.0702089
0.0726921
0.0733017
0.0721573
0.0691798
0.064604
0.0593621
0.0419606
0.0435715
0.0476629
0.0520056
0.055516
0.0576575
0.0582663
0.0574131
0.0550889
0.0515597
0.0474812
0.0364258
0.0357166
0.037792
0.0406593
0.0432232
0.0448858
0.0454115
0.0448084
0.0430671
0.0404258
0.0373265
0.0337894
0.0306974
0.0306264
0.0318208
0.0332258
0.0342384
0.0345796
0.0341987
0.0330306
0.031231
0.0290791
0.0343139
0.0288907
0.0267039
0.0261903
0.0263369
0.0265704
0.0266079
0.0263651
0.0257215
0.0247083
0.0234911
0.0385358
0.0309012
0.0267662
0.0247236
0.0237575
0.0232879
0.0230066
0.0227813
0.0224824
0.0220442
0.0215569
0.0459456
0.0364024
0.0305729
0.0272055
0.0252681
0.0241526
0.0235086
0.0231557
0.0229735
0.0228453
0.0228079
0.0552557
0.044191
0.0369625
0.0324686
0.0296739
0.027952
0.0269173
0.0263506
0.0261311
0.0261126
0.0262854
0.065547
0.0533053
0.04497
0.0395577
0.0360346
0.0337695
0.0323529
0.0315375
0.0311946
0.031162
0.0313913
0.0761577
0.0630079
0.0538363
0.0477268
0.0436376
0.0409369
0.0391987
0.0381543
0.0376633
0.0375641
0.0377766
0.08663
0.0727418
0.0629543
0.0563564
0.0518789
0.0488857
0.046936
0.0457433
0.0451224
0.0449658
0.045152
0.0966921
0.0821206
0.0718645
0.0649457
0.0602394
0.0570951
0.0550534
0.0538092
0.0531579
0.0529974
0.0531915
0.106287
0.0909582
0.0802968
0.0731668
0.0683543
0.0651796
0.0631588
0.0619661
0.0613787
0.0612857
0.0615436
0.11555
0.0992494
0.0881581
0.0808621
0.0760159
0.0728919
0.0709731
0.0699097
0.0694599
0.0694969
0.0698726
0.124809
0.107173
0.0955318
0.0880482
0.0831884
0.0801548
0.0783848
0.077498
0.0772289
0.0774319
0.0779566
0.134448
0.114958
0.102516
0.0947217
0.0897666
0.0867664
0.0851005
0.0843552
0.0842422
0.084594
0.0852599
0.144285
0.122543
0.109085
0.100864
0.0957176
0.0926681
0.0910309
0.0903596
0.0903458
0.0907967
0.0915515
0.154784
0.130379
0.115705
0.106952
0.101526
0.0983501
0.0966694
0.0960047
0.0960272
0.0965221
0.0973117
0.166948
0.139276
0.123122
0.113691
0.107876
0.104485
0.102683
0.101955
0.101949
0.102433
0.103206
0.182426
0.150511
0.132458
0.12211
0.115744
0.112013
0.109988
0.109108
0.108997
0.109406
0.110105
0.204164
0.166355
0.145661
0.133955
0.126734
0.122436
0.120009
0.118833
0.118496
0.118733
0.119273
0.236826
0.190633
0.166101
0.152267
0.14364
0.138356
0.135199
0.133467
0.132699
0.132596
0.132848
0.289702
0.231502
0.201266
0.183933
0.172849
0.165744
0.161186
0.158359
0.156737
0.15596
0.155685
0.383429
0.308984
0.270693
0.247568
0.231985
0.221263
0.21375
0.208501
0.204918
0.202608
0.201229
0.569406
0.479893
0.435431
0.405441
0.382981
0.365565
0.351715
0.340589
0.331678
0.324697
0.320056
1.02164
0.96171
0.949986
0.938506
0.925454
0.910254
0.893075
0.874206
0.85397
0.832576
0.811756
2.06829
2.5572
2.92638
3.24608
3.50822
3.72079
3.8874
4.01179
4.09731
4.14731
4.16298
0.272771
0.366284
0.430478
0.480485
0.519464
0.549151
0.570599
0.584515
0.591798
0.59318
0.588349
0.5769
0.560021
0.542783
0.527736
0.515955
0.507756
0.502837
0.499915
0.500282
0.513471
0.541142
0.583515
0.634275
0.681057
0.718574
0.744757
0.759513
0.76077
0.747027
0.71735
0.669936
0.589966
0.472933
0.326322
0.968308
0.958218
0.937893
0.91784
0.899893
0.884295
0.870763
0.858949
0.848656
0.838969
0.829237
0.819259
0.810032
0.803858
0.800346
0.79872
0.797994
0.79706
0.794798
0.791067
0.790543
0.795383
0.80461
0.818102
0.832624
0.847008
0.861023
0.875741
0.891468
0.908746
0.928525
0.951851
0.97718
0.996529
1.0045
1.15759
1.16188
1.16658
1.17131
1.17594
1.18038
1.18463
1.18871
1.19262
1.19652
1.20047
1.20445
1.20829
1.21164
1.21435
1.2163
1.21741
1.21767
1.21707
1.21584
1.21462
1.21333
1.21134
1.20874
1.20541
1.20137
1.19666
1.19118
1.1849
1.17788
1.17022
1.16212
1.15396
1.14761
1.14327
1.17761
1.17953
1.1815
1.18349
1.18556
1.18774
1.19009
1.19257
1.19517
1.19797
1.20105
1.20442
1.20787
1.21089
1.21333
1.21512
1.21621
1.2166
1.21632
1.21541
1.21383
1.21169
1.20893
1.20563
1.20206
1.19826
1.19424
1.18985
1.18507
1.17998
1.17465
1.16919
1.16375
1.15938
1.15613
1.17146
1.17038
1.16933
1.16849
1.16794
1.16773
1.16788
1.16835
1.16909
1.17008
1.17134
1.17288
1.17461
1.17622
1.17753
1.17845
1.17891
1.17887
1.17834
1.17729
1.17563
1.17347
1.17097
1.1683
1.16568
1.16308
1.16046
1.15771
1.15484
1.15189
1.14893
1.14603
1.14332
1.14123
1.13967
1.16997
1.16721
1.16459
1.16231
1.16043
1.159
1.15799
1.15735
1.15702
1.15692
1.15701
1.15728
1.15769
1.1581
1.15839
1.15846
1.15825
1.15773
1.15688
1.15572
1.15419
1.15235
1.15038
1.14841
1.14655
1.14475
1.14296
1.14112
1.13924
1.13734
1.13547
1.1337
1.13215
1.13106
1.13032
1.16579
1.16187
1.15818
1.1549
1.15208
1.14978
1.14796
1.14655
1.14546
1.14458
1.14385
1.14322
1.14268
1.14223
1.14175
1.14117
1.14044
1.13953
1.13844
1.13715
1.13569
1.13405
1.13241
1.13087
1.12946
1.12814
1.12685
1.12555
1.12424
1.12297
1.12175
1.12065
1.11976
1.11924
1.11903
1.16103
1.15641
1.15195
1.14793
1.14443
1.1415
1.13909
1.13711
1.13546
1.13402
1.13269
1.13139
1.13014
1.12901
1.12793
1.12684
1.12568
1.12444
1.12311
1.12169
1.12021
1.11868
1.11722
1.11594
1.1148
1.11376
1.11276
1.11177
1.1108
1.10988
1.10905
1.10833
1.10782
1.10762
1.10767
1.15554
1.15044
1.14537
1.14074
1.1367
1.13327
1.1304
1.12798
1.12591
1.12405
1.12225
1.12046
1.11867
1.11702
1.11547
1.11397
1.11246
1.11094
1.10938
1.10781
1.10624
1.10472
1.10334
1.10217
1.10117
1.10027
1.09942
1.0986
1.09781
1.09709
1.09646
1.09597
1.09569
1.09566
1.09585
1.14948
1.14405
1.13842
1.13327
1.12876
1.12492
1.12166
1.11889
1.11648
1.11428
1.11212
1.10993
1.10771
1.10564
1.10372
1.10188
1.10007
1.09828
1.09651
1.09477
1.09308
1.09149
1.0901
1.08896
1.088
1.08716
1.08637
1.08562
1.08492
1.0843
1.08378
1.08341
1.08325
1.08332
1.08359
1.14291
1.13718
1.13104
1.1254
1.12047
1.11625
1.11267
1.10959
1.1069
1.10441
1.10195
1.09943
1.09685
1.09444
1.09219
1.09005
1.08798
1.08595
1.08396
1.08204
1.0802
1.07849
1.07703
1.07586
1.07489
1.07404
1.07326
1.07252
1.07184
1.07125
1.07078
1.07046
1.07037
1.0705
1.07081
1.13584
1.12982
1.12316
1.11706
1.11173
1.10717
1.10328
1.09993
1.09698
1.09424
1.09152
1.08871
1.08582
1.0831
1.08057
1.07816
1.07584
1.07357
1.07138
1.06926
1.06724
1.06539
1.06382
1.06257
1.06155
1.06066
1.05984
1.05908
1.05838
1.05778
1.0573
1.057
1.05694
1.05709
1.05742
1.12827
1.12193
1.11476
1.1082
1.10248
1.09759
1.09341
1.08979
1.0866
1.08363
1.08068
1.0776
1.07444
1.07144
1.06865
1.06598
1.06342
1.06092
1.05851
1.05618
1.05398
1.05196
1.05024
1.04888
1.04778
1.04683
1.04595
1.04513
1.04439
1.04375
1.04325
1.04293
1.04286
1.04303
1.04337
1.1202
1.1135
1.1058
1.09878
1.09267
1.08744
1.08297
1.07911
1.07569
1.0725
1.06931
1.06599
1.06256
1.0593
1.05626
1.05335
1.05054
1.04782
1.04518
1.04264
1.04024
1.03803
1.03615
1.03466
1.03345
1.03241
1.03146
1.03056
1.02975
1.02905
1.0285
1.02815
1.02806
1.02823
1.02857
1.11161
1.1045
1.09625
1.08875
1.08224
1.07668
1.07192
1.0678
1.06416
1.06075
1.05735
1.05379
1.0501
1.04658
1.04329
1.04015
1.0371
1.03414
1.03127
1.02851
1.02589
1.02347
1.02141
1.01977
1.01845
1.0173
1.01625
1.01527
1.01437
1.0136
1.01299
1.01259
1.01247
1.01262
1.01296
1.10246
1.0949
1.08608
1.07808
1.07116
1.06524
1.06019
1.05582
1.05195
1.04833
1.0447
1.04091
1.03697
1.0332
1.02967
1.02628
1.02299
1.01979
1.01668
1.01368
1.01083
1.00819
1.00593
1.00413
1.00267
1.00141
1.00025
0.999168
0.998177
0.997318
0.996632
0.996167
0.996011
0.996142
0.996477
1.09272
1.08467
1.07524
1.06672
1.05936
1.05309
1.04774
1.04311
1.03901
1.03517
1.03133
1.0273
1.0231
1.01908
1.0153
1.01166
1.00813
1.00468
1.00132
0.998079
0.994982
0.992108
0.989631
0.987657
0.986049
0.984656
0.983381
0.982183
0.981085
0.980129
0.979357
0.978821
0.978616
0.97872
0.979044
1.08236
1.07375
1.06369
1.05463
1.04681
1.04016
1.0345
1.0296
1.02527
1.02122
1.01715
1.01289
1.00843
1.00416
1.00013
0.99624
0.992451
0.988745
0.98513
0.981625
0.97827
0.975143
0.972436
0.970272
0.968505
0.966972
0.965567
0.964244
0.963029
0.961965
0.961098
0.960482
0.960221
0.960293
0.960602
1.07133
1.06211
1.05137
1.04173
1.03344
1.0264
1.02042
1.01525
1.01069
1.00641
1.00212
0.997614
0.992906
0.988378
0.984089
0.979943
0.975892
0.97192
0.968034
0.964257
0.960629
0.957234
0.954281
0.951912
0.949974
0.94829
0.946744
0.945286
0.943944
0.942762
0.941791
0.941086
0.940764
0.9408
0.941089
1.05956
1.04967
1.03822
1.02797
1.01919
1.01175
1.00543
0.999988
0.995181
0.990681
0.986166
0.98142
0.976453
0.971667
0.967119
0.96271
0.958389
0.95414
0.949974
0.945911
0.941996
0.938316
0.935102
0.932516
0.930393
0.928547
0.926849
0.925246
0.923766
0.922458
0.921373
0.920574
0.920185
0.92018
0.920448
1.04699
1.03637
1.02416
1.01327
1.00397
0.996112
0.989459
0.983735
0.978687
0.973961
0.969221
0.964234
0.959009
0.953963
0.949153
0.944475
0.939877
0.935344
0.930886
0.926525
0.922309
0.91833
0.914839
0.91202
0.909701
0.907682
0.905821
0.904063
0.902436
0.900992
0.899786
0.898883
0.898421
0.898371
0.898617
1.03354
1.02212
1.0091
0.997547
0.987704
0.979415
0.972418
0.96641
0.96112
0.956171
0.951206
0.945981
0.940498
0.935195
0.930121
0.92517
0.920291
0.915466
0.910706
0.906037
0.901506
0.897213
0.893429
0.890366
0.887839
0.885635
0.883603
0.88168
0.879897
0.878308
0.876972
0.87596
0.875419
0.875321
0.875542
1.0191
1.00682
0.992939
0.980685
0.970283
0.961555
0.954208
0.947917
0.942388
0.937218
0.932034
0.926576
0.920841
0.915283
0.909946
0.904723
0.899558
0.894435
0.889367
0.884379
0.879522
0.874902
0.870814
0.867493
0.864748
0.86235
0.860135
0.858039
0.856091
0.854351
0.852879
0.851751
0.851129
0.850981
0.851175
1.00356
0.99033
0.975547
0.962562
0.951586
0.942412
0.934716
0.928145
0.922383
0.917001
0.911605
0.905923
0.899944
0.894139
0.888545
0.883051
0.877601
0.872178
0.866796
0.861483
0.856292
0.851334
0.846929
0.843342
0.840368
0.837768
0.835364
0.833086
0.830968
0.82907
0.827458
0.82621
0.825504
0.825305
0.825473
0.986766
0.972513
0.956775
0.943031
0.931468
0.921847
0.913808
0.906966
0.900981
0.895397
0.889804
0.883911
0.877704
0.871664
0.865821
0.860063
0.854331
0.848609
0.842913
0.837273
0.831743
0.82644
0.821711
0.81785
0.814641
0.811834
0.809234
0.806771
0.804479
0.80242
0.800665
0.799297
0.798508
0.798259
0.798404
0.968542
0.953185
0.936442
0.921916
0.909761
0.899697
0.891325
0.884227
0.878036
0.872268
0.866495
0.860413
0.853998
0.847742
0.841665
0.835654
0.82965
0.823637
0.817631
0.811665
0.805796
0.800148
0.795091
0.790954
0.787508
0.78449
0.781693
0.779044
0.776577
0.774359
0.772463
0.770978
0.770111
0.769817
0.769944
0.948674
0.93213
0.914334
0.899008
0.886263
0.875769
0.867084
0.859751
0.853377
0.847449
0.841523
0.835278
0.828682
0.822236
0.815948
0.809702
0.803442
0.797149
0.790845
0.784563
0.778364
0.772375
0.766996
0.762587
0.758905
0.75568
0.75269
0.749858
0.747223
0.744853
0.742824
0.741231
0.740295
0.739965
0.740086
0.926905
0.909088
0.890196
0.874061
0.860736
0.849836
0.840865
0.833329
0.826801
0.820745
0.814699
0.808327
0.801588
0.794984
0.788514
0.782061
0.775568
0.769019
0.762436
0.755856
0.749344
0.743031
0.737343
0.732673
0.728767
0.725345
0.722172
0.71917
0.716381
0.713874
0.711729
0.710045
0.709058
0.708709
0.708839
0.902921
0.883748
0.863724
0.846782
0.832899
0.821627
0.81241
0.804709
0.798068
0.791924
0.785799
0.779346
0.77251
0.765791
0.759177
0.752552
0.74586
0.739086
0.732255
0.725408
0.718612
0.712004
0.706035
0.701129
0.69702
0.693421
0.690086
0.686938
0.68402
0.681403
0.679171
0.677426
0.676415
0.676072
0.676238
0.876348
0.855742
0.83456
0.816823
0.802419
0.79082
0.781408
0.773593
0.766888
0.760704
0.754552
0.748071
0.741193
0.734412
0.727703
0.720954
0.714107
0.707153
0.70012
0.69305
0.686016
0.67916
0.672955
0.667853
0.663577
0.659836
0.656375
0.653119
0.650113
0.64743
0.645155
0.643396
0.642403
0.642105
0.642344
0.846743
0.824638
0.802283
0.783779
0.768902
0.757035
0.747488
0.739619
0.732907
0.726741
0.720622
0.714178
0.707325
0.700543
0.693801
0.686985
0.680043
0.672969
0.665794
0.658565
0.65136
0.644326
0.637953
0.632717
0.62833
0.624502
0.62097
0.617666
0.614635
0.611953
0.609704
0.607999
0.607087
0.606889
0.607256
0.813592
0.789945
0.766415
0.747181
0.731889
0.719824
0.710212
0.702357
0.695702
0.689619
0.683601
0.677265
0.670514
0.663805
0.6571
0.65029
0.643329
0.636212
0.628977
0.621678
0.614395
0.607282
0.600841
0.595559
0.591145
0.587309
0.583791
0.580526
0.577564
0.574981
0.572859
0.57131
0.570568
0.570549
0.571123
0.776298
0.751103
0.7264
0.706474
0.690828
0.678634
0.669031
0.661261
0.654733
0.648804
0.642958
0.63681
0.630243
0.62369
0.617107
0.610393
0.603507
0.59645
0.589266
0.582014
0.574785
0.567734
0.561365
0.556167
0.551845
0.548119
0.544735
0.541639
0.538881
0.536536
0.534685
0.533438
0.532993
0.533266
0.534158
0.734105
0.707407
0.681514
0.66092
0.644966
0.632704
0.623175
0.615557
0.609223
0.603514
0.597912
0.592027
0.585731
0.579425
0.573065
0.566559
0.559871
0.55301
0.546027
0.538991
0.531999
0.525213
0.519125
0.514201
0.51015
0.506706
0.503634
0.500893
0.498535
0.496631
0.495258
0.494518
0.494552
0.495274
0.496639
0.686255
0.658171
0.631
0.609699
0.593433
0.581126
0.571711
0.564295
0.558212
0.552786
0.547496
0.541953
0.536017
0.530056
0.524033
0.517865
0.511526
0.50503
0.498437
0.49183
0.485317
0.479067
0.473541
0.469156
0.465627
0.462714
0.460212
0.458096
0.456418
0.455242
0.45464
0.454701
0.455469
0.456864
0.458919
0.633066
0.603672
0.57495
0.552774
0.536079
0.523666
0.514341
0.50714
0.501346
0.496266
0.491369
0.486266
0.480797
0.475282
0.469711
0.464016
0.458178
0.452225
0.446229
0.440286
0.434522
0.429109
0.42445
0.420879
0.418153
0.416065
0.414456
0.413315
0.412685
0.412622
0.413186
0.414449
0.416295
0.418668
0.421728
0.575212
0.543801
0.512879
0.489453
0.472046
0.459349
0.450015
0.442994
0.437484
0.432748
0.428242
0.423589
0.418645
0.413711
0.408783
0.403796
0.398739
0.393652
0.38862
0.383761
0.379221
0.375175
0.371925
0.369658
0.368189
0.367365
0.367106
0.367415
0.368324
0.369874
0.372118
0.375104
0.378476
0.382234
0.386723
0.500989
0.466197
0.432612
0.407119
0.388331
0.374964
0.365461
0.358637
0.353438
0.348922
0.344558
0.340104
0.335671
0.331731
0.328044
0.324474
0.320995
0.317652
0.314557
0.311858
0.309743
0.308427
0.30815
0.308839
0.31013
0.311881
0.314117
0.316937
0.320405
0.324564
0.32947
0.335171
0.341044
0.346989
0.353489
0.400419
0.360693
0.322131
0.293142
0.272211
0.25723
0.246639
0.239667
0.234756
0.230933
0.227612
0.224476
0.221493
0.218954
0.216851
0.215102
0.213695
0.212694
0.212241
0.21253
0.213794
0.216243
0.219831
0.224122
0.22898
0.234378
0.240502
0.247432
0.255169
0.263724
0.273142
0.283425
0.293387
0.303003
0.31307
0.381768
0.33315
0.286968
0.253372
0.229996
0.213918
0.203125
0.196018
0.19111
0.18744
0.184448
0.181837
0.179541
0.177689
0.176211
0.175062
0.174297
0.17406
0.17458
0.176157
0.179134
0.183799
0.189985
0.196979
0.204586
0.212773
0.221798
0.231776
0.242747
0.254762
0.267926
0.282258
0.29635
0.310133
0.324407
0.522378
0.437769
0.359036
0.303685
0.266246
0.241245
0.224604
0.213046
0.204672
0.198146
0.192634
0.18764
0.182978
0.178849
0.175273
0.172336
0.170207
0.169126
0.169445
0.171599
0.176038
0.183064
0.192221
0.202051
0.212008
0.221976
0.232151
0.242425
0.252516
0.2622
0.271397
0.280148
0.287922
0.295064
0.302007
0.567734
0.455455
0.356144
0.290669
0.249203
0.223319
0.206916
0.196069
0.188553
0.182881
0.1782
0.174085
0.170451
0.167456
0.165092
0.163502
0.163003
0.16408
0.167408
0.173822
0.184198
0.199096
0.217541
0.236703
0.255379
0.273131
0.290081
0.305876
0.320006
0.332176
0.342379
0.350844
0.357537
0.362981
0.36737
0.588641
0.454859
0.343535
0.274237
0.232414
0.206982
0.191204
0.180983
0.174053
0.168955
0.164874
0.161399
0.158422
0.156099
0.154557
0.154107
0.155256
0.158767
0.165731
0.177586
0.195933
0.221841
0.253546
0.285822
0.315983
0.34294
0.36666
0.386605
0.402271
0.413654
0.421222
0.425769
0.428226
0.429424
0.429408
0.595891
0.447755
0.331791
0.263258
0.223478
0.19978
0.185084
0.175661
0.169291
0.164574
0.160746
0.157441
0.154599
0.152465
0.151297
0.151547
0.15391
0.159462
0.169798
0.187154
0.214205
0.252913
0.300605
0.348312
0.390481
0.425077
0.452126
0.471342
0.482807
0.487382
0.48646
0.481651
0.475362
0.469222
0.463116
0.594865
0.436904
0.320543
0.254854
0.217829
0.196137
0.182807
0.174164
0.16822
0.163728
0.160006
0.156721
0.153841
0.151686
0.150656
0.151324
0.154566
0.161753
0.174992
0.197402
0.233008
0.285128
0.350252
0.414093
0.466674
0.505253
0.530628
0.543501
0.545227
0.538105
0.524804
0.507893
0.491378
0.477676
0.466097
0.597641
0.429991
0.313399
0.250286
0.215641
0.195626
0.183366
0.175356
0.169742
0.165401
0.161685
0.158285
0.155212
0.152863
0.15176
0.152549
0.156241
0.164438
0.179622
0.20567
0.247934
0.311465
0.392576
0.47087
0.530703
0.569209
0.588674
0.591263
0.579997
0.558926
0.532167
0.503231
0.477528
0.457872
0.442548
0.613645
0.431631
0.311733
0.249498
0.216275
0.197378
0.18585
0.178255
0.172822
0.168502
0.164683
0.161073
0.157707
0.155049
0.153659
0.154232
0.15786
0.166288
0.182113
0.209621
0.25504
0.325151
0.417535
0.507146
0.572087
0.60927
0.622264
0.614472
0.590495
0.556257
0.51743
0.478424
0.445595
0.42166
0.403771
0.651303
0.44508
0.316153
0.252276
0.2193
0.200915
0.189775
0.182381
0.176981
0.17257
0.168548
0.164626
0.160841
0.157688
0.155791
0.155849
0.15893
0.166704
0.181804
0.208405
0.25283
0.322847
0.418769
0.515341
0.58513
0.623173
0.632776
0.61761
0.583324
0.537781
0.488574
0.441351
0.403146
0.376078
0.356197
0.720108
0.473231
0.326782
0.258191
0.224246
0.20581
0.194753
0.18737
0.181872
0.177259
0.172927
0.168574
0.164222
0.160371
0.157682
0.156823
0.15881
0.165201
0.178429
0.202301
0.242633
0.30701
0.397921
0.494627
0.568563
0.611232
0.623315
0.607114
0.567852
0.514528
0.456807
0.402182
0.358815
0.328676
0.306936
0.83408
0.519802
0.343599
0.266734
0.230661
0.211695
0.200471
0.19294
0.187227
0.182314
0.177575
0.172682
0.167626
0.162892
0.15916
0.157042
0.157455
0.161771
0.17209
0.191663
0.225531
0.28076
0.36178
0.453979
0.530842
0.58081
0.600704
0.589764
0.55068
0.49228
0.42653
0.363915
0.314766
0.281292
0.257677
1.01545
0.589477
0.366198
0.277236
0.238079
0.218234
0.206652
0.198842
0.192811
0.187509
0.182279
0.176756
0.170887
0.165139
0.160205
0.156626
0.155205
0.157106
0.164063
0.178727
0.205252
0.249835
0.317941
0.40097
0.477365
0.534688
0.566201
0.567092
0.535021
0.475896
0.403072
0.331311
0.274939
0.237309
0.211463
1.29782
0.686252
0.393089
0.28876
0.246036
0.225157
0.213093
0.204892
0.198449
0.19268
0.18689
0.18067
0.17392
0.167086
0.160877
0.155768
0.152453
0.151901
0.155514
0.165386
0.184803
0.21888
0.273097
0.343459
0.414739
0.476439
0.520338
0.538274
0.521276
0.468405
0.391119
0.308774
0.242541
0.199071
0.170184
1.7245
0.808079
0.420681
0.300069
0.254144
0.232319
0.21971
0.211017
0.204072
0.197764
0.191359
0.184401
0.176738
0.168804
0.161326
0.154721
0.149586
0.146731
0.147283
0.152878
0.166034
0.190749
0.23178
0.287872
0.349658
0.410532
0.463777
0.500638
0.506475
0.470107
0.394807
0.30141
0.221039
0.168577
0.13509
2.33016
0.936191
0.442779
0.309928
0.262252
0.239783
0.226592
0.217299
0.209753
0.202835
0.195773
0.188056
0.179482
0.170478
0.161791
0.153785
0.146978
0.142052
0.13993
0.141893
0.149848
0.166793
0.19644
0.238678
0.288305
0.342736
0.399008
0.451633
0.484953
0.477894
0.417921
0.317414
0.216832
0.149322
0.108017
3.08435
1.02499
0.452827
0.317978
0.270672
0.247849
0.233978
0.22394
0.215683
0.208083
0.200327
0.19185
0.182396
0.172391
0.162594
0.153317
0.14501
0.138259
0.133838
0.132776
0.136527
0.147298
0.167775
0.198014
0.235065
0.278936
0.330456
0.389905
0.4477
0.480844
0.458819
0.367638
0.241566
0.147486
0.0913185
3.84715
1.02492
0.451242
0.325802
0.280115
0.256806
0.242007
0.231044
0.221967
0.213637
0.205185
0.19599
0.185744
0.174861
0.164102
0.153717
0.144094
0.135747
0.129346
0.12575
0.126103
0.132041
0.145447
0.166204
0.192246
0.224346
0.265145
0.319438
0.387721
0.45898
0.500848
0.462819
0.322586
0.18125
0.0928081
4.32923
0.938275
0.448713
0.336004
0.290903
0.266407
0.250336
0.238307
0.228388
0.219377
0.210335
0.20058
0.189746
0.178219
0.166731
0.155459
0.144729
0.134999
0.126872
0.121102
0.118633
0.120722
0.128733
0.142433
0.160037
0.181916
0.210313
0.250545
0.308931
0.391224
0.493357
0.57558
0.516273
0.324089
0.146874
4.46413
1.24318
0.81233
0.709866
0.682285
0.677236
0.676197
0.669823
0.652411
0.619561
0.564809
0.480291
0.363682
0.233962
0.127505
0.0690054
0.0495891
0.0472169
0.0505847
0.0564336
0.0635868
0.0710361
0.0778858
0.0839628
0.091238
0.10269
0.121847
0.153557
0.205795
0.294603
0.459892
0.766059
1.14052
1.53746
2.87371
4.53591
1.26675
0.84132
0.742357
0.717539
0.714339
0.7138
0.706238
0.68576
0.647892
0.586126
0.493175
0.368364
0.232314
0.124293
0.0676938
0.0503291
0.0491237
0.0531841
0.0596553
0.067467
0.0755777
0.0830983
0.08989
0.098126
0.11125
0.133103
0.169228
0.228711
0.3297
0.520925
0.897157
1.38196
1.80896
2.37644
4.59973
1.29253
0.871443
0.776334
0.754806
0.7539
0.754194
0.745651
0.72217
0.679223
0.610307
0.50883
0.375884
0.233886
0.124898
0.0687533
0.0520594
0.0513963
0.0559601
0.06302
0.0715301
0.0803863
0.0886392
0.0960249
0.104704
0.118425
0.141097
0.178372
0.23896
0.339091
0.524522
0.903471
1.41632
1.79956
1.97204
4.64606
1.31716
0.90224
0.812041
0.794515
0.796436
0.79798
0.788796
0.762593
0.714832
0.639075
0.529399
0.388284
0.239535
0.127581
0.0708228
0.0541968
0.0537932
0.0587633
0.0663739
0.0755421
0.0852109
0.0942944
0.102315
0.111261
0.125084
0.147781
0.18498
0.24485
0.34128
0.513488
0.876642
1.42995
1.84848
1.64716
4.67134
1.33918
0.932772
0.84877
0.836088
0.841506
0.844915
0.8357
0.807396
0.755463
0.673531
0.556181
0.406729
0.249934
0.132895
0.0737695
0.0564607
0.0560774
0.0613558
0.0695096
0.0794448
0.0900476
0.100088
0.108772
0.117838
0.13135
0.153145
0.189091
0.246733
0.337971
0.493294
0.815918
1.37595
1.85955
1.34436
4.66898
1.35647
0.961609
0.885321
0.878435
0.888168
0.894308
0.886048
0.856738
0.801804
0.714865
0.590668
0.432668
0.266092
0.141295
0.0776905
0.0588095
0.0581496
0.0635935
0.0722287
0.0829668
0.0946501
0.105849
0.11526
0.124168
0.136764
0.157073
0.190941
0.245722
0.332238
0.474495
0.748749
1.25454
1.79643
1.14791
4.62872
1.36575
0.986413
0.919557
0.919471
0.934482
0.944549
0.938759
0.910236
0.854256
0.764239
0.634582
0.46799
0.289539
0.15361
0.082828
0.06123
0.0599014
0.0652979
0.0742873
0.0858166
0.0987234
0.111361
0.121723
0.130378
0.141546
0.159482
0.190092
0.240727
0.321621
0.452597
0.69132
1.12772
1.63556
1.25738
4.53432
1.36194
1.00347
0.94783
0.955456
0.976816
0.992429
0.991369
0.96643
0.912521
0.822552
0.689842
0.515198
0.3226
0.171259
0.0896531
0.0637647
0.061229
0.0662603
0.0753683
0.0875773
0.101802
0.116225
0.127992
0.136577
0.14601
0.160775
0.186906
0.231971
0.306232
0.427323
0.641646
1.03678
1.58639
1.73643
4.35374
1.33789
1.00761
0.964596
0.980377
1.0091
1.03232
1.03917
1.02195
0.974877
0.889921
0.758379
0.577593
0.368846
0.196641
0.0990322
0.0665697
0.0620721
0.0662736
0.0750948
0.0876853
0.103176
0.119737
0.133627
0.142747
0.150497
0.161425
0.181672
0.219121
0.284502
0.394864
0.592216
0.97799
1.66514
2.68995
4.01023
1.28261
0.990133
0.960048
0.983702
1.02078
1.0543
1.07346
1.06988
1.03676
0.964686
0.841714
0.659484
0.433803
0.233831
0.112522
0.0700128
0.0624814
0.065198
0.0730823
0.085431
0.101786
0.120636
0.13757
0.148446
0.155268
0.162191
0.175249
0.202488
0.255013
0.349119
0.523162
0.895155
1.74991
4.15161
3.40597
1.15996
0.917015
0.899204
0.932919
0.982974
1.03339
1.07335
1.09375
1.08661
1.04071
0.939403
0.765698
0.525689
0.289608
0.132787
0.0747863
0.0627091
0.0630894
0.0690982
0.0800936
0.0962139
0.116787
0.137441
0.151887
0.159639
0.163501
0.168957
0.184155
0.220959
0.294931
0.437332
0.76295
1.69513
5.65292
0.862381
1.19577
1.5238
1.84413
2.15544
2.45775
2.74907
3.02437
3.27479
3.48716
3.64421
3.72711
3.72041
3.60216
3.30101
0.516653
0.536778
0.556599
0.57727
0.599972
0.624963
0.651536
0.678351
0.703689
0.725795
0.743298
0.754985
0.757312
0.747915
0.765618
0.330721
0.304945
0.290841
0.285001
0.285241
0.289821
0.297289
0.306489
0.316507
0.326663
0.336504
0.345617
0.353111
0.358673
0.36289
0.231648
0.208291
0.197378
0.194236
0.195832
0.200211
0.206078
0.212576
0.219115
0.225279
0.230773
0.235346
0.238683
0.240262
0.235996
0.18276
0.166978
0.161012
0.160598
0.163091
0.166928
0.171156
0.175173
0.178577
0.181073
0.18243
0.18246
0.181027
0.177631
0.168587
0.156074
0.145662
0.142507
0.143087
0.145282
0.147886
0.150187
0.151756
0.152321
0.151696
0.14975
0.146413
0.141717
0.135339
0.124886
0.138976
0.132002
0.130319
0.131073
0.132556
0.133809
0.134294
0.133723
0.131947
0.128901
0.124576
0.119043
0.112488
0.104806
0.0947224
0.127007
0.12232
0.12151
0.122207
0.122978
0.123033
0.121974
0.119642
0.116016
0.111155
0.105176
0.0982756
0.0907477
0.0826575
0.0734703
0.118381
0.115432
0.115342
0.116055
0.116308
0.115435
0.113154
0.10943
0.104366
0.0981414
0.0909868
0.0831998
0.0751429
0.0669898
0.0586347
0.112395
0.111021
0.111726
0.112648
0.11264
0.111127
0.107932
0.103128
0.0969333
0.0896378
0.0815714
0.0731126
0.0646686
0.0564803
0.0486801
0.108709
0.109003
0.110689
0.112043
0.112012
0.110107
0.106241
0.100584
0.0934534
0.0852373
0.0763552
0.0672579
0.0583936
0.0500623
0.0425445
0.107717
0.109876
0.112764
0.114779
0.11496
0.112899
0.108585
0.102267
0.0943414
0.0852733
0.0755586
0.0657136
0.0562331
0.0474865
0.0398657
0.110212
0.114478
0.118805
0.121718
0.12235
0.120374
0.11584
0.109054
0.10046
0.0905763
0.0799514
0.0691569
0.058742
0.0491701
0.0409515
0.116646
0.123091
0.128977
0.132948
0.134235
0.132582
0.128087
0.121084
0.112034
0.101469
0.0899586
0.0781067
0.0665078
0.0557273
0.046399
0.126189
0.134608
0.141912
0.146867
0.14881
0.147561
0.143258
0.136243
0.126966
0.115941
0.103728
0.090927
0.0781557
0.0660666
0.0554087
0.137765
0.147748
0.156103
0.161749
0.164146
0.163204
0.159099
0.152171
0.142842
0.131586
0.118924
0.105424
0.0916884
0.0784229
0.0664567
0.150442
0.161463
0.170386
0.176323
0.178882
0.178073
0.174105
0.16731
0.158072
0.146811
0.133987
0.12011
0.105733
0.0915674
0.0784728
0.163413
0.17489
0.183862
0.18968
0.192106
0.191251
0.187352
0.180723
0.171704
0.160652
0.147957
0.134047
0.119394
0.104676
0.0907217
0.176032
0.187391
0.195926
0.201263
0.203309
0.202267
0.198387
0.19196
0.183275
0.172626
0.160323
0.146705
0.132138
0.11723
0.102727
0.187873
0.198601
0.206293
0.210871
0.212363
0.211044
0.20716
0.200974
0.192723
0.182635
0.170946
0.1579
0.143744
0.128988
0.114249
0.198739
0.208418
0.214967
0.218612
0.219456
0.217824
0.213941
0.208036
0.200296
0.190893
0.179991
0.167747
0.154277
0.139979
0.125303
0.208642
0.216986
0.222212
0.224857
0.22504
0.223108
0.219252
0.213665
0.206492
0.197857
0.187867
0.176603
0.164053
0.150483
0.136152
0.217953
0.224832
0.228673
0.230345
0.22992
0.227741
0.223953
0.218713
0.212132
0.204303
0.195292
0.185122
0.173666
0.161052
0.147315
0.226523
0.232081
0.2347
0.235603
0.234745
0.232444
0.228793
0.223915
0.217902
0.210831
0.202752
0.19366
0.183346
0.171846
0.158975
0.234389
0.238903
0.240597
0.241017
0.239958
0.237696
0.234264
0.22976
0.224261
0.217843
0.210562
0.202409
0.193136
0.182744
0.170842
0.242147
0.245886
0.246927
0.247108
0.246053
0.243975
0.240854
0.236756
0.231745
0.225904
0.219306
0.21196
0.203608
0.194284
0.183384
0.250573
0.253744
0.254351
0.254496
0.253624
0.251884
0.249195
0.245586
0.241103
0.23583
0.229867
0.223258
0.215769
0.207527
0.197723
0.260763
0.263537
0.263888
0.26418
0.263684
0.262474
0.260405
0.257456
0.25364
0.249032
0.243759
0.237916
0.231329
0.224298
0.215829
0.274197
0.276762
0.27703
0.277671
0.277785
0.277372
0.276217
0.274237
0.271389
0.267716
0.263353
0.258458
0.252963
0.247462
0.240878
0.293131
0.295691
0.296024
0.297205
0.298181
0.29889
0.299058
0.298532
0.297193
0.295013
0.292096
0.288647
0.284734
0.281429
0.277833
0.322417
0.325136
0.325543
0.327346
0.329363
0.331509
0.333478
0.335075
0.33611
0.336463
0.336155
0.33537
0.334298
0.334742
0.33651
0.374217
0.376972
0.376971
0.379066
0.381956
0.385581
0.389659
0.394029
0.398523
0.403011
0.407477
0.412084
0.417101
0.425425
0.438624
0.487619
0.488649
0.485844
0.48634
0.488573
0.4925
0.497874
0.504667
0.512915
0.52278
0.534657
0.549296
0.567771
0.595679
0.639657
0.860735
0.840588
0.819316
0.80659
0.798877
0.795327
0.795201
0.79835
0.805005
0.815977
0.833094
0.859982
0.902597
0.979787
1.13363
3.1738
2.82791
2.62036
2.47201
2.36003
2.26787
2.18706
2.1113
2.03615
1.95836
1.87598
1.79021
1.71046
0.173793
0.180285
0.187359
0.195072
0.203481
0.212585
0.0673916
0.0687176
0.0701957
0.071679
0.073205
0.0747762
0.0764
0.078082
0.0798274
0.0816413
0.0835287
0.0854948
0.0875449
0.0896845
0.0919191
0.0942544
0.0966963
0.0992518
0.101927
0.104749
0.107728
0.110877
0.114213
0.117753
0.121515
0.125524
0.129802
0.134377
0.139281
0.144548
0.150214
0.156319
0.162908
0.170025
0.177655
0.0490549
0.0504308
0.0519005
0.0533563
0.0548249
0.056306
0.0578028
0.059317
0.0608501
0.0624036
0.0639792
0.0655789
0.0672047
0.0688591
0.0705449
0.072265
0.0740231
0.0758235
0.0776916
0.0796495
0.0817015
0.0838574
0.0861279
0.0885244
0.09106
0.0937492
0.0966082
0.0996552
0.102911
0.106398
0.110142
0.114172
0.118521
0.123231
0.128325
0.027705
0.0286988
0.0297522
0.0308038
0.0318609
0.0329201
0.0339803
0.0350404
0.0361
0.037159
0.0382181
0.0392788
0.0403429
0.0414128
0.0424915
0.0435825
0.0446897
0.0458172
0.0469848
0.0481856
0.0494237
0.0507033
0.0520282
0.0534023
0.0548293
0.056313
0.057857
0.0594652
0.0611414
0.0628897
0.0647146
0.0666211
0.0686158
0.0707093
0.0729158
0.0141098
0.0146447
0.0152225
0.015818
0.0164314
0.0170602
0.0177027
0.0183577
0.0190241
0.0197015
0.0203895
0.0210886
0.021799
0.0225219
0.0232581
0.0240093
0.0247768
0.0255625
0.0263571
0.0271554
0.0279579
0.028765
0.0295763
0.0303911
0.0312081
0.0320254
0.0328405
0.0336502
0.0344506
0.0352369
0.0360037
0.0367449
0.0374534
0.0381232
0.0387481
0.0096527
0.0098706
0.0101231
0.0103982
0.0106968
0.0110178
0.0113603
0.0117235
0.0121065
0.0125086
0.0129293
0.0133682
0.0138248
0.014299
0.0147909
0.0153005
0.015828
0.0163738
0.0169245
0.0174756
0.0180262
0.0185754
0.0191218
0.0196638
0.0201996
0.0207268
0.0212428
0.0217446
0.022229
0.0226923
0.0231306
0.0235396
0.0239151
0.0242529
0.0245466
0.00984445
0.00985676
0.00990149
0.00997113
0.0100678
0.0101912
0.0103408
0.0105162
0.0107165
0.0109412
0.0111896
0.0114612
0.0117554
0.0120719
0.0124105
0.012771
0.0131535
0.013558
0.0139747
0.0143996
0.014832
0.0152711
0.0157164
0.016167
0.0166223
0.0170816
0.0175443
0.0180099
0.0184782
0.018949
0.0194227
0.0199001
0.0203827
0.0208723
0.0213684
0.0121059
0.0119807
0.0118844
0.0118164
0.0117793
0.0117733
0.0117986
0.0118548
0.0119416
0.0120586
0.0122052
0.012381
0.0125856
0.0128186
0.01308
0.0133697
0.0136877
0.0140345
0.0144029
0.0147902
0.0151964
0.0156215
0.016066
0.0165303
0.0170151
0.0175216
0.018051
0.0186053
0.0191867
0.019798
0.0204428
0.0211253
0.0218511
0.0226257
0.0234525
0.0152336
0.0150397
0.0148636
0.0147193
0.0146079
0.0145302
0.0144866
0.0144775
0.0145029
0.014563
0.0146578
0.0147871
0.014951
0.0151496
0.0153829
0.0156514
0.0159554
0.0162957
0.0166671
0.0170682
0.0174998
0.0179626
0.018458
0.0189875
0.0195531
0.0201573
0.0208029
0.0214936
0.0222334
0.0230274
0.0238813
0.024802
0.0257977
0.0268767
0.0280459
0.0184997
0.0183086
0.0181172
0.0179619
0.0178405
0.0177539
0.0177025
0.0176869
0.0177077
0.0177655
0.0178607
0.0179938
0.0181654
0.0183758
0.0186259
0.0189162
0.0192477
0.0196215
0.0200346
0.0204869
0.0209797
0.0215148
0.0220941
0.0227202
0.0233961
0.0241252
0.0249117
0.0257604
0.026677
0.0276679
0.0287406
0.0299037
0.0311674
0.0325416
0.0340352
0.0216171
0.0214771
0.0213157
0.0211968
0.0211137
0.0210673
0.0210576
0.0210851
0.0211503
0.0212539
0.0213966
0.0215793
0.0218029
0.0220684
0.0223769
0.0227298
0.0231285
0.0235747
0.0240674
0.0246076
0.0251975
0.0258396
0.0265368
0.0272925
0.0281109
0.0289966
0.0299551
0.0309927
0.0321167
0.0333356
0.0346588
0.0360976
0.0376646
0.0393719
0.0412306
0.0244442
0.0243823
0.0242779
0.0242224
0.0242064
0.0242318
0.0242983
0.0244062
0.0245559
0.0247478
0.0249825
0.0252606
0.0255829
0.0259504
0.0263643
0.0268257
0.0273363
0.0278977
0.0285126
0.0291835
0.0299133
0.0307052
0.0315631
0.0324912
0.0334947
0.0345793
0.0357517
0.0370195
0.0383912
0.0398768
0.041487
0.0432345
0.0451332
0.0471952
0.0494297
0.0268182
0.0268546
0.0268192
0.0268366
0.0268949
0.026998
0.027146
0.0273394
0.027579
0.0278653
0.028199
0.0285809
0.0290119
0.0294929
0.0300251
0.0306098
0.0312485
0.0319428
0.0326986
0.0335197
0.0344096
0.0353722
0.0364119
0.037534
0.0387444
0.0400501
0.0414589
0.0429799
0.0446234
0.0464012
0.0483268
0.0504156
0.0526859
0.0551531
0.0578318
0.0281363
0.028293
0.0283448
0.028459
0.0286154
0.0288192
0.02907
0.0293683
0.0297145
0.0301094
0.0305535
0.0310478
0.0315931
0.0321903
0.0328406
0.0335452
0.0343054
0.0351226
0.0360061
0.0369608
0.0379903
0.0390984
0.0402899
0.0415699
0.0429446
0.0444209
0.0460068
0.0477113
0.0495449
0.0515195
0.0536488
0.0559492
0.0584402
0.0611365
0.0640527
0.0281503
0.028418
0.0285519
0.0287637
0.0290205
0.0293289
0.0296867
0.0300937
0.0305499
0.0310553
0.0316104
0.0322154
0.0328711
0.0335779
0.0343367
0.0351484
0.036014
0.0369344
0.0379204
0.0389772
0.040108
0.0413162
0.0426058
0.0439813
0.0454479
0.0470113
0.0486781
0.0504559
0.0523533
0.0543802
0.0565479
0.0588703
0.0613644
0.064039
0.0668991
0.0271028
0.0274375
0.0276161
0.0278916
0.028217
0.0286002
0.0290368
0.0295257
0.0300657
0.0306562
0.0312969
0.0319875
0.0327281
0.0335188
0.03436
0.035252
0.0361953
0.0371906
0.038247
0.039369
0.040559
0.0418195
0.0431535
0.0445642
0.0460552
0.0476306
0.049295
0.0510536
0.0529124
0.0548783
0.0569592
0.0591652
0.0615093
0.0639935
0.0666087
0.0253929
0.0257387
0.0259101
0.0262022
0.0265514
0.026967
0.0274417
0.0279729
0.0285582
0.0291962
0.0298854
0.0306251
0.0314146
0.0322535
0.0331416
0.0340789
0.0350653
0.0361009
0.0371917
0.0383408
0.0395495
0.0408195
0.0421522
0.0435496
0.0450135
0.0465461
0.0481498
0.0498272
0.0515814
0.053416
0.0553351
0.0573444
0.0594526
0.0616551
0.0639253
0.0233901
0.0236917
0.0238025
0.0240641
0.0243933
0.0248002
0.0252731
0.0258081
0.0264009
0.0270489
0.0277499
0.0285021
0.0293044
0.0301557
0.0310554
0.0320028
0.0329976
0.0340395
0.0351308
0.0362728
0.0374661
0.038711
0.0400079
0.0413572
0.0427591
0.0442139
0.0457218
0.0472829
0.0488975
0.0505659
0.0522886
0.0540667
0.0559049
0.0577932
0.0596863
0.0213874
0.0215893
0.0215848
0.0217713
0.0220411
0.0224038
0.0228419
0.0233488
0.0239181
0.0245456
0.0252278
0.0259624
0.0267472
0.0275808
0.028462
0.0293898
0.0303636
0.0313826
0.0324459
0.0335534
0.0347047
0.0358991
0.0371359
0.0384143
0.039733
0.0410905
0.0424851
0.0439146
0.0453769
0.0468692
0.0483887
0.0499324
0.0515011
0.0530815
0.0546072
0.0196077
0.0196503
0.0194702
0.0195359
0.0197088
0.0199958
0.0203711
0.0208242
0.0213457
0.0219291
0.0225697
0.0232636
0.0240082
0.0248013
0.0256414
0.026527
0.0274572
0.0284312
0.0294455
0.0304986
0.0315894
0.0327165
0.0338783
0.0350728
0.0362977
0.0375499
0.038826
0.040122
0.0414332
0.0427543
0.0440791
0.0454009
0.0467167
0.0480109
0.0491931
0.0182272
0.0180475
0.0176228
0.0175184
0.0175551
0.017735
0.0180207
0.0183965
0.0188491
0.0193691
0.0199497
0.0205858
0.0212737
0.0220103
0.0227936
0.0236217
0.0244934
0.0254075
0.026359
0.0273451
0.0283642
0.0294145
0.0304937
0.0315988
0.0327267
0.033873
0.0350328
0.0362003
0.0373686
0.0385297
0.0396743
0.0407917
0.0418743
0.0429053
0.0437621
0.0173603
0.0169108
0.0161764
0.0158596
0.0157275
0.0157742
0.0159472
0.0162244
0.0165874
0.0170238
0.0175246
0.0180835
0.0186956
0.0193576
0.0200669
0.0208219
0.0216212
0.022464
0.0233427
0.0242533
0.0251939
0.0261622
0.0271554
0.0281702
0.0292023
0.0302468
0.0312974
0.0323464
0.0333848
0.0344017
0.035384
0.036315
0.0371795
0.0379557
0.0384689
0.0169302
0.0161951
0.0150906
0.0145497
0.0142484
0.0141703
0.0142407
0.0144301
0.0147138
0.0150764
0.0155067
0.0159969
0.0165414
0.0171363
0.0177787
0.0184667
0.019199
0.0199746
0.0207854
0.0216265
0.0224956
0.0233905
0.0243079
0.0252441
0.0261943
0.0271524
0.0281105
0.029059
0.0299852
0.0308729
0.0317011
0.0324405
0.033055
0.0335003
0.0335083
0.0167784
0.0157686
0.0142638
0.0135192
0.0130776
0.0129075
0.012906
0.0130354
0.013265
0.0135763
0.0139562
0.0143959
0.0148891
0.0154312
0.0160192
0.0166507
0.0173241
0.0180381
0.0187857
0.0195625
0.0203661
0.0211938
0.0220421
0.0229069
0.0237823
0.0246612
0.0255337
0.0263872
0.0272047
0.0279634
0.0286328
0.0291704
0.02952
0.029628
0.0291643
0.0167739
0.0154886
0.0135774
0.012647
0.0120897
0.0118526
0.0118009
0.0118895
0.0120817
0.0123565
0.0126994
0.0131006
0.0135534
0.0140527
0.0145953
0.0151785
0.0158004
0.0164595
0.0171502
0.0178683
0.0186116
0.0193769
0.0201606
0.0209578
0.0217619
0.0225642
0.0233531
0.0241129
0.0248222
0.0254526
0.0259657
0.0263101
0.0264178
0.0262492
0.0254536
0.0169085
0.0153145
0.0129813
0.0118642
0.0112006
0.0109067
0.0108142
0.01087
0.0110315
0.0112757
0.0115869
0.0119546
0.0123715
0.0128325
0.0133339
0.0138731
0.0144478
0.0150564
0.0156941
0.0163572
0.0170431
0.0177487
0.0184699
0.0192011
0.0199351
0.0206619
0.0213683
0.0220361
0.0226408
0.0231498
0.02352
0.0236968
0.0236075
0.0232442
0.0222523
0.0172118
0.0152528
0.0124633
0.0111426
0.0103702
0.01002
0.00988692
0.0099098
0.01004
0.0102527
0.0105309
0.0108636
0.0112431
0.0116643
0.0121234
0.0126175
0.0131445
0.0137028
0.0142875
0.0148952
0.0155232
0.0161681
0.0168256
0.0174898
0.0181528
0.0188039
0.0194287
0.0200077
0.0205146
0.0209149
0.0211638
0.0212091
0.0209759
0.0204978
0.0194094
0.0177125
0.0153213
0.0120173
0.0104659
0.00957647
0.00916656
0.00899076
0.00897849
0.00907503
0.00925384
0.0094966
0.00979192
0.010132
0.0105114
0.0109265
0.0113743
0.011853
0.0123608
0.0128926
0.0134451
0.0140154
0.0146001
0.0151948
0.0157935
0.0163882
0.016968
0.0175183
0.0180194
0.0184449
0.0187606
0.0189216
0.0188809
0.0185567
0.0180208
0.0168539
0.0184276
0.0155345
0.0116516
0.00984639
0.00883357
0.0083621
0.00814225
0.00809358
0.00815513
0.00829867
0.00850477
0.00876169
0.00906139
0.00939849
0.00976918
0.0101708
0.0106013
0.0110593
0.011539
0.0120374
0.0125516
0.0130785
0.0136138
0.0141516
0.0146844
0.0152016
0.0156892
0.0161282
0.0164932
0.0167514
0.0168579
0.0167706
0.0163901
0.015819
0.0145314
0.019388
0.0159068
0.0113784
0.00930492
0.0081652
0.00763211
0.00736815
0.00728299
0.00730946
0.00741773
0.00758734
0.00780622
0.00806618
0.00836178
0.00868924
0.00904593
0.00942993
0.00983983
0.0102698
0.010717
0.0111788
0.0116524
0.0121337
0.0126175
0.0130968
0.0135619
0.0139999
0.0143931
0.0147175
0.0149418
0.0150204
0.0149152
0.0144966
0.0138977
0.0124216
0.0206483
0.016453
0.0112097
1.63822
1.58753
4.34676
0.869688
0.457101
0.348129
0.301134
0.274859
0.257499
0.244586
0.234094
0.224719
0.215449
0.205544
0.194563
0.182818
0.170978
0.159132
0.147555
0.13666
0.127008
0.119297
0.114353
0.113196
0.116895
0.125308
0.136873
0.151341
0.169701
0.195042
0.231835
0.287893
0.37661
0.51386
0.632921
0.619086
0.416309
4.0623
0.864565
0.463717
0.354568
0.306614
0.279619
0.261795
0.248625
0.238046
0.228717
0.219595
0.209914
0.199177
0.187612
0.17581
0.163784
0.151762
0.140128
0.129425
0.120336
0.113649
0.11029
0.111238
0.11656
0.124976
0.136005
0.150067
0.169113
0.195965
0.235963
0.300242
0.412675
0.564544
0.62682
0.292761
3.78222
0.857266
0.471122
0.361894
0.312841
0.285002
0.266646
0.253207
0.242572
0.233354
0.224477
0.215163
0.204864
0.193715
0.182195
0.170213
0.157939
0.145716
0.134069
0.123677
0.115321
0.109889
0.108338
0.110983
0.116835
0.125275
0.136369
0.151379
0.172136
0.202108
0.248481
0.327948
0.446591
0.52186
0.26483
3.47213
0.856782
0.479515
0.368657
0.318174
0.289502
0.270759
0.257242
0.246761
0.237876
0.229486
0.220805
0.211251
0.200858
0.189962
0.178345
0.166101
0.153516
0.14108
0.129467
0.119471
0.111985
0.107995
0.108065
0.11149
0.117545
0.126037
0.137727
0.153837
0.176826
0.211889
0.271543
0.370146
0.483536
0.479203
2.08608
0.935108
0.779738
0.780413
0.830027
0.899502
0.974253
1.04373
1.09844
1.13023
1.12652
1.06452
0.914149
0.665551
0.379907
0.166057
0.0828234
0.0638493
0.0608753
0.0638816
0.071925
0.0857076
0.105958
0.129723
0.149606
0.161409
0.164625
0.162587
0.162528
0.177628
0.223033
0.311453
0.476814
1.0587
5.61818
2.11586
0.846073
0.719926
0.743486
0.811713
0.897327
0.986156
1.06744
1.13128
1.16932
1.16858
1.10482
0.945219
0.679165
0.377882
0.163097
0.0843985
0.0661475
0.0626767
0.0649862
0.0722635
0.0852517
0.104828
0.128651
0.149825
0.163429
0.167926
0.166011
0.165253
0.180637
0.230937
0.33156
0.520669
1.1649
5.65613
2.17537
0.886329
0.764392
0.795077
0.871121
0.964368
1.05984
1.14593
1.21181
1.24811
1.24043
1.16267
0.980778
0.687268
0.368732
0.15804
0.0859326
0.0686315
0.0647242
0.0664
0.0729993
0.0853023
0.104261
0.12805
0.150365
0.165821
0.172026
0.171005
0.170434
0.186771
0.242238
0.354603
0.557365
1.21987
5.74362
2.19163
0.909407
0.797844
0.838803
0.925722
1.03002
1.13583
1.23042
1.30157
1.33852
1.32474
1.23095
1.02093
0.693213
0.356349
0.152827
0.0877437
0.0713437
0.0670237
0.0680848
0.0740039
0.0855861
0.103781
0.127171
0.150176
0.167223
0.175252
0.17555
0.175701
0.193343
0.254324
0.379381
0.594126
1.25849
5.80335
2.21343
0.943805
0.844389
0.898394
0.999394
1.11801
1.2371
1.34236
1.41973
1.45655
1.43342
1.31703
1.06905
0.698298
0.34275
0.148932
0.0904106
0.07462
0.0698274
0.0702591
0.0754922
0.0863587
0.103765
0.126585
0.149985
0.168389
0.178244
0.180101
0.181333
0.200586
0.267645
0.407339
0.63624
1.29916
5.84392
2.23404
0.977672
0.892125
0.961258
1.07887
1.21469
1.35005
1.46869
1.55419
1.59138
1.55713
1.41282
1.11795
0.697704
0.327345
0.146566
0.0940211
0.0785686
0.0732517
0.073044
0.0775906
0.087764
0.104417
0.126588
0.150167
0.169702
0.181329
0.184902
0.187515
0.208681
0.282471
0.439214
0.685793
1.34544
5.86182
2.25928
1.01706
0.947066
1.03377
1.17091
1.32706
1.48169
1.61612
1.71089
1.74757
1.69814
1.51735
1.16325
0.687801
0.310466
0.146045
0.098729
0.0833596
0.077471
0.0766194
0.0804892
0.0900128
0.105998
0.127526
0.151134
0.171581
0.184877
0.190269
0.19455
0.217993
0.299268
0.475851
0.744923
1.40099
5.85574
2.28224
1.05788
1.00568
1.11254
1.27224
1.45212
1.62943
1.78245
1.88781
1.92277
1.85285
1.62444
1.196
0.66401
0.292859
0.147582
0.104666
0.08917
0.0826798
0.0811953
0.0844189
0.0933646
0.10882
0.129791
0.153343
0.174496
0.189313
0.19659
0.202864
0.229111
0.318846
0.518456
0.816509
1.4721
5.82487
2.30485
1.10353
1.07037
1.19933
1.38427
1.59114
1.79452
1.96874
2.08515
2.11515
2.01574
1.72348
1.20251
0.622791
0.276107
0.151397
0.112009
0.0962283
0.089126
0.0870396
0.0896805
0.098161
0.113278
0.133865
0.157348
0.179026
0.195176
0.204381
0.213059
0.242966
0.342096
0.568374
0.904118
1.5695
5.77211
2.45652
1.17658
1.14842
1.2951
1.50525
1.74169
1.9747
2.17257
2.29877
2.31625
2.17129
1.79215
1.16259
0.564375
0.262514
0.157681
0.120983
0.104824
0.0971251
0.0944967
0.0966682
0.104855
0.119884
0.140298
0.163728
0.18587
0.203215
0.214316
0.225537
0.259511
0.369838
0.62852
1.01219
1.69463
5.71331
2.56438
1.21943
1.21208
1.38759
1.63163
1.90578
2.17488
2.39781
2.52591
2.51048
2.28709
1.78959
1.0556
0.496737
0.254529
0.166584
0.131881
0.115329
0.107093
0.103988
0.105746
0.113789
0.129043
0.149787
0.173566
0.196235
0.214593
0.227358
0.241128
0.279856
0.403863
0.702803
1.14866
1.85958
5.65987
2.58719
1.23098
1.25021
1.46522
1.75697
2.08294
2.39672
2.63916
2.74312
2.64661
2.28634
1.64762
0.878998
0.435589
0.25372
0.178956
0.144993
0.128029
0.119336
0.115843
0.117397
0.125668
0.141688
0.16339
0.188015
0.211382
0.230584
0.244719
0.261011
0.305398
0.446593
0.796917
1.32544
2.0819
5.6248
2.56371
1.23279
1.2913
1.5597
1.92092
2.32025
2.67658
2.8933
2.8917
2.60979
2.04416
1.31645
0.70809
0.393043
0.253205
0.189904
0.159102
0.142938
0.134321
0.130742
0.132431
0.14148
0.159044
0.18258
0.208706
0.232989
0.252812
0.267915
0.286658
0.337901
0.50125
0.91913
1.56075
2.38755
5.61893
2.48235
1.23937
1.36687
1.72685
2.20448
2.69144
2.99821
2.99348
2.69759
2.18934
1.56169
0.962931
0.550912
0.345214
0.248019
0.200347
0.175233
0.161054
0.153064
0.149753
0.152052
0.162702
0.182936
0.209523
0.237959
0.263322
0.28335
0.298788
0.319785
0.379389
0.571771
1.08106
1.88265
2.81437
5.64105
2.5203
1.34275
1.61168
2.17043
2.81918
3.18097
3.09814
2.67003
2.10207
1.52739
1.02386
0.647637
0.417985
0.303413
0.245701
0.214538
0.196051
0.184371
0.177306
0.174582
0.178153
0.191643
0.216182
0.247526
0.279147
0.305461
0.324784
0.339414
0.362098
0.431645
0.661867
1.29709
2.33177
3.40771
5.66089
2.69109
1.58411
2.12759
3.01622
3.48663
3.18406
2.48079
1.77171
1.22666
0.840023
0.580433
0.418944
0.328829
0.283119
0.256854
0.239145
0.225906
0.216105
0.209801
0.207869
0.213639
0.2318
0.262913
0.30134
0.336771
0.36312
0.379831
0.391585
0.414642
0.495425
0.774169
1.58698
2.98018
4.21303
5.48298
3.01839
2.02287
2.9539
3.80851
3.47319
2.6085
1.80237
1.22402
0.852588
0.615897
0.467821
0.379366
0.329525
0.301611
0.28247
0.267252
0.254835
0.245591
0.240052
0.239427
0.24824
0.27208
0.310799
0.357726
0.397541
0.424376
0.438744
0.447266
0.468309
0.552817
0.861072
1.85484
3.83138
5.40233
5.07612
3.38938
2.75536
4.06273
3.65941
2.61204
1.7503
1.18001
0.831108
0.625173
0.501152
0.426888
0.382955
0.355621
0.336354
0.319831
0.305094
0.292817
0.284062
0.279334
0.279998
0.291957
0.321518
0.367487
0.422603
0.466015
0.493286
0.505427
0.509627
0.522992
0.592337
0.866467
1.86823
4.50618
7.13589
5.13261
4.08262
6.34209
4.62687
2.75353
1.66592
1.08103
0.768918
0.602276
0.513623
0.464872
0.437197
0.419043
0.402748
0.386438
0.370141
0.355251
0.343271
0.335323
0.33144
0.333047
0.347565
0.381724
0.432847
0.49383
0.53995
0.568826
0.581143
0.58294
0.587153
0.630317
0.827544
1.62034
4.70194
13.5674
5.07984
1.73208
1.35221
0.937831
0.728747
0.610837
0.547975
0.517327
0.504069
0.499073
0.49668
0.493022
0.484804
0.470468
0.453489
0.436751
0.422311
0.411466
0.404786
0.401549
0.403219
0.418659
0.454606
0.505846
0.56439
0.613339
0.647035
0.664783
0.668955
0.663036
0.656289
0.667162
0.732318
0.920267
1.28958
2.33562
0.174252
0.178892
0.183657
0.188397
0.193104
0.197745
0.202296
0.206735
0.211044
0.215203
0.219199
0.223019
0.226656
0.230105
0.233368
0.236452
0.239366
0.242132
0.244773
0.247321
0.249774
0.252168
0.254542
0.256944
0.259426
0.26205
0.264882
0.267999
0.27149
0.27546
0.280033
0.285364
0.29165
0.299142
0.308158
0.0927708
0.0941943
0.0957755
0.0973283
0.098912
0.10053
0.102191
0.103901
0.105663
0.107485
0.109372
0.11133
0.113367
0.115492
0.117715
0.120045
0.122494
0.125077
0.127807
0.130702
0.133773
0.137042
0.140532
0.14427
0.148285
0.152611
0.157283
0.16234
0.167828
0.0357674
0.0331624
0.0307247
0.0284452
0.0263087
0.0242901
0.0223693
0.0204753
0.018565
0.0983119
0.0988028
0.0985411
0.0974927
0.0958722
0.093799
0.0913594
0.0885918
0.0855198
0.0821658
0.0785616
0.0747512
0.0707891
0.0667366
0.0626565
0.0586084
0.0546452
0.0508111
0.0471408
0.0436596
0.0403841
0.0373232
0.034478
0.0318421
0.0293994
0.0271249
0.0249757
0.0229197
0.0208528
0.0187453
0.104171
0.104597
0.104349
0.103331
0.101747
0.0997016
0.0972695
0.0944775
0.091339
0.0878674
0.0840888
0.0800457
0.0757965
0.071411
0.0669642
0.06253
0.0581758
0.0539592
0.0499258
0.046109
0.0425305
0.0392008
0.03612
0.0332776
0.0306505
0.0282051
0.0258821
0.0236451
0.0213681
0.0190432
0.110981
0.111105
0.110655
0.109488
0.107794
0.105663
0.103156
0.100287
0.0970571
0.0934676
0.0895341
0.0852923
0.0807985
0.0761253
0.0713556
0.0665742
0.0618613
0.0572872
0.0529086
0.0487671
0.0448893
0.0412874
0.0379601
0.0348932
0.0320575
0.029415
0.0268956
0.024466
0.0219909
0.0194669
0.119986
0.119456
0.118482
0.116882
0.114831
0.112402
0.109644
0.106557
0.103129
0.0993462
0.0952103
0.0907447
0.0859972
0.0810371
0.0759484
0.0708224
0.0657487
0.0608085
0.0560691
0.0515811
0.0473771
0.0434724
0.039866
0.036543
0.0334728
0.0306203
0.027913
0.025325
0.0227196
0.0200333
0.133277
0.131525
0.129518
0.12702
0.124191
0.121089
0.117747
0.114156
0.110288
0.106115
0.101623
0.096817
0.0917307
0.0864216
0.0809675
0.075458
0.0699862
0.0646394
0.0594931
0.054606
0.0500181
0.0457503
0.0418061
0.0381757
0.0348351
0.0317617
0.0288934
0.0262103
0.0235785
0.0207501
0.155609
0.151576
0.147594
0.143328
0.138922
0.134417
0.129833
0.125147
0.120319
0.115306
0.110074
0.10461
0.0989248
0.0930571
0.0870685
0.0810369
0.0750486
0.0691888
0.0635345
0.0581484
0.0530758
0.0483443
0.043966
0.039942
0.0362644
0.0329341
0.0299165
0.0271997
0.0246605
0.0216602
0.200134
0.191312
0.183151
0.175091
0.167258
0.159668
0.152316
0.145158
0.138137
0.131189
0.124257
0.117301
0.110305
0.103276
0.0962474
0.0892724
0.0824151
0.0757443
0.069325
0.0632126
0.0574494
0.0520641
0.0470744
0.0424934
0.0383353
0.0346325
0.031402
0.0286636
0.0263453
0.0230815
0.316092
0.294254
0.274534
0.256011
0.238755
0.222709
0.207787
0.193877
0.180853
0.168592
0.156977
0.145909
0.135313
0.125139
0.115363
0.105984
0.0970173
0.0884861
0.0804167
0.0728317
0.0657468
0.059171
0.0531102
0.0475742
0.0425873
0.0382094
0.0345147
0.0316361
0.0296425
0.0262601
0.792921
0.719738
0.648853
0.584388
0.525994
0.473469
0.42638
0.384212
0.346433
0.312528
0.282019
0.254478
0.22953
0.20686
0.186207
0.167362
0.150155
0.134445
0.120117
0.107067
0.0952023
0.0844378
0.0747026
0.0659476
0.0581627
0.0514073
0.0458286
0.0418093
0.0400503
0.0381036
4.05292
3.77214
3.43325
3.08634
2.75126
2.43951
2.15515
1.89909
1.67033
1.46699
1.28678
1.12735
0.986424
0.861935
0.752025
0.655062
0.569612
0.494411
0.428334
0.370369
0.319602
0.27521
0.236483
0.202801
0.173857
0.149214
0.130102
0.116388
0.116066
0.142656
0.00886974
0.00760399
0.00701135
0.0067046
0.00658428
0.0065771
0.00665179
0.00678688
0.00697001
0.00719281
0.0074498
0.00773721
0.0080524
0.00839354
0.00875926
0.00914387
0.00954483
0.00996001
0.0103867
0.0108216
0.0112599
0.0116954
0.0121195
0.0125205
0.0128822
0.013182
0.0133905
0.01346
0.0133574
0.0129114
0.0123021
0.0105554
0.0223593
0.0171748
0.0111396
0.0085599
0.00717809
0.00653251
0.00618772
0.0060366
0.00600018
0.00604589
0.00615135
0.00630388
0.00649494
0.00671898
0.00697216
0.00725184
0.00755615
0.00788372
0.0082294
0.00859114
0.00896702
0.00935476
0.00975135
0.0101528
0.0105536
0.0109461
0.0113197
0.0116598
0.0119452
0.0121485
0.0122203
0.0121356
0.0116785
0.01111
0.00905824
0.0247028
0.0181113
0.0111906
0.00842435
0.00693916
0.00624761
0.00587032
0.00569433
0.00563531
0.00565944
0.00574337
0.00587408
0.00604275
0.00624368
0.00647288
0.00672756
0.00700569
0.00730569
0.00762358
0.00795762
0.00830614
0.00866708
0.00903777
0.00941465
0.00979274
0.0101651
0.0105221
0.01085
0.0111289
0.0113334
0.0114134
0.0113562
0.0109103
0.0104852
0.00804482
0.0284091
0.0186236
0.0112427
0.00842855
0.00689141
0.00617654
0.00578139
0.00559296
0.00552333
0.00553811
0.00561325
0.00573544
0.00589568
0.00608807
0.00630848
0.00655394
0.00682212
0.00711102
0.00741785
0.00774101
0.0080789
0.00842956
0.00879048
0.00915822
0.00952803
0.00989324
0.0102444
0.0105679
0.0108441
0.0110476
0.0111254
0.011074
0.0106119
0.0103173
0.00791363
0.327835
0.346971
0.36811
0.39052
0.414324
0.439483
0.465935
0.493557
0.522123
0.551285
0.580535
0.609191
0.636386
0.661105
0.682278
0.698956
0.710592
0.7174
0.720751
0.723384
0.729576
0.743103
0.767367
0.786518
0.796788
0.830335
0.968837
1.34573
2.14055
3.25137
0.222245
0.238777
0.257028
0.276818
0.29818
0.321232
0.345963
0.372337
0.400239
0.429471
0.45973
0.490601
0.521555
0.551986
0.581297
0.609069
0.635352
0.661088
0.688687
0.722687
0.770079
0.840076
0.937281
1.04109
1.13069
1.18982
1.23147
1.29197
1.36887
1.46283
0.185647
0.203264
0.223231
0.24554
0.2703
0.297709
0.327874
0.360861
0.396647
0.435097
0.475934
0.518714
0.562815
0.607464
0.651823
0.695161
0.73715
0.778281
0.820326
0.866656
0.921769
0.989331
1.06485
1.13029
1.16518
1.16207
1.13315
1.09866
1.05609
1.04502
0.13376
0.149921
0.168778
0.190658
0.215874
0.24485
0.277979
0.315636
0.35812
0.405611
0.458102
0.515326
0.576691
0.641237
0.707635
0.774287
0.839511
0.901805
0.96004
1.01329
1.05983
1.09543
1.11066
1.10619
1.07338
1.01754
0.950586
0.882849
0.809821
0.758572
0.075225
0.0859794
0.0989275
0.114519
0.133235
0.15567
0.182482
0.21439
0.252137
0.296433
0.347864
0.406766
0.473057
0.546049
0.624245
0.705189
0.785389
0.860373
0.924873
0.973147
0.999567
1.00003
0.97389
0.93075
0.873405
0.806359
0.734997
0.662152
0.582915
0.513732
0.0393091
0.0445768
0.0511202
0.0592497
0.0693519
0.08191
0.0975099
0.116852
0.140749
0.170108
0.205874
0.248928
0.299918
0.359
0.425511
0.49759
0.571856
0.643287
0.705506
0.751673
0.77607
0.776116
0.753674
0.709655
0.658878
0.601082
0.539082
0.474587
0.406241
0.346503
0.0247884
0.0267574
0.0293359
0.0326687
0.0369651
0.0424887
0.0495743
0.0586434
0.0702198
0.0849393
0.103546
0.126861
0.155705
0.190746
0.232254
0.279763
0.331682
0.384992
0.435249
0.477137
0.505644
0.51756
0.512537
0.49228
0.459215
0.419495
0.375312
0.328852
0.281081
0.240657
0.0218798
0.022207
0.0228176
0.0237657
0.0251513
0.0270972
0.0297586
0.0333323
0.0380681
0.0442806
0.0523602
0.0627764
0.0760658
0.0927888
0.113436
0.138266
0.167066
0.198882
0.23181
0.26303
0.289233
0.307426
0.315831
0.314371
0.300296
0.279283
0.253862
0.22619
0.197841
0.174199
0.0243528
0.023843
0.0234649
0.0232384
0.0232186
0.0234721
0.0240775
0.0251291
0.0267411
0.0290538
0.0322402
0.0365136
0.0421315
0.0493935
0.0586215
0.0701135
0.0840552
0.100385
0.118632
0.137778
0.156257
0.17218
0.183778
0.189931
0.190384
0.183046
0.171947
0.158567
0.144334
0.132469
0.0293374
0.0283742
0.0274439
0.0265575
0.0257533
0.0250835
0.0246054
0.0243825
0.0244843
0.0249877
0.0259777
0.0275511
0.029819
0.0329105
0.0369732
0.0421671
0.0486447
0.0565101
0.0657511
0.0761514
0.087212
0.0981363
0.107937
0.115679
0.120765
0.122055
0.119806
0.115608
0.110504
0.106383
0.0356896
0.0345258
0.0333013
0.0320232
0.0307173
0.0294347
0.0282309
0.0271682
0.0263131
0.0257343
0.0255004
0.0256776
0.0263291
0.0275147
0.0292919
0.0317174
0.0348481
0.0387359
0.0434141
0.04887
0.055006
0.0616016
0.0683024
0.0746657
0.0802728
0.0848538
0.0872856
0.0885023
0.0890939
0.0900749
0.0432923
0.0421785
0.0409093
0.0394769
0.0378853
0.0361814
0.0344181
0.0326618
0.030988
0.0294791
0.0282202
0.0272939
0.0267749
0.0267243
0.0271865
0.0281871
0.0297349
0.0318263
0.0344497
0.0375892
0.0412199
0.0452979
0.0497458
0.0544462
0.0592558
0.0640465
0.0686245
0.0725223
0.0762053
0.0800802
0.0519028
0.0511876
0.0502364
0.0490084
0.0474695
0.0456482
0.0435806
0.0413239
0.0389536
0.0365634
0.0342613
0.0321645
0.0303911
0.0290508
0.0282335
0.0280011
0.028381
0.0293667
0.0309233
0.0330002
0.0355441
0.0385102
0.0418653
0.0455848
0.0496457
0.0540247
0.0587013
0.0633863
0.0681832
0.0731195
0.060832
0.0610002
0.060903
0.0604483
0.0595439
0.0581796
0.0563491
0.0540711
0.0513898
0.0483795
0.0451468
0.0418286
0.0385877
0.0356015
0.0330477
0.0310849
0.0298345
0.0293646
0.0296842
0.0307483
0.0324743
0.0347665
0.0375385
0.0407282
0.0442995
0.0482348
0.0525216
0.0571366
0.0618593
0.0666451
0.0673457
0.0687538
0.0699703
0.0708579
0.0712596
0.0711194
0.070371
0.068967
0.0668806
0.0641163
0.0607193
0.0567831
0.0524554
0.0479369
0.0434723
0.0393315
0.0357812
0.0330504
0.0312978
0.0305901
0.0308985
0.0321177
0.0341012
0.0367002
0.0397937
0.0432982
0.0471588
0.0513275
0.0555941
0.0598494
0.0701365
0.0727736
0.075393
0.0778268
0.0798753
0.0814545
0.082452
0.0827594
0.0822714
0.080898
0.0785763
0.0752867
0.0710697
0.0660417
0.0604051
0.0544488
0.0485319
0.0430499
0.0383835
0.0348409
0.0326071
0.0317191
0.0320767
0.0334868
0.0357233
0.0385806
0.0418998
0.0455647
0.0493979
0.0531644
0.0695772
0.0731827
0.0769912
0.0808178
0.0844513
0.0878091
0.0907663
0.0931882
0.0949236
0.0958123
0.0956941
0.0944226
0.0918852
0.0880272
0.0828799
0.0765869
0.0694217
0.0617887
0.0541957
0.0471959
0.0413049
0.0369104
0.0342042
0.0331636
0.033588
0.0351785
0.0376235
0.0406586
0.0440779
0.0475011
0.0665149
0.0707331
0.0753652
0.0802212
0.0851009
0.0899462
0.0946513
0.0990935
0.103122
0.106561
0.109207
0.110841
0.111238
0.110183
0.107504
0.1031
0.0969886
0.0893406
0.0805086
0.0710278
0.0615752
0.0528835
0.0456189
0.0402564
0.0369976
0.035762
0.0362555
0.0380811
0.0408553
0.0440553
0.0618658
0.0663602
0.0714372
0.0769096
0.0825977
0.0884776
0.0944785
0.100514
0.106467
0.112189
0.117496
0.122168
0.125949
0.12856
0.129706
0.129108
0.126527
0.121817
0.114968
0.106161
0.0958064
0.0845424
0.0731955
0.0626737
0.0538199
0.0472642
0.0433278
0.0420093
0.043092
0.0460131
0.0563928
0.0608979
0.0661047
0.0718321
0.0779207
0.08438
0.0911767
0.0982661
0.105579
0.113014
0.120438
0.127678
0.134517
0.140697
0.14592
0.14986
0.152174
0.152534
0.150659
0.146358
0.139588
0.130503
0.119503
0.107247
0.0946358
0.082747
0.0727316
0.0656936
0.0626506
0.0644783
0.050617
0.0549494
0.0600589
0.0657708
0.0719428
0.0786111
0.0857755
0.0934286
0.101545
0.110075
0.118941
0.128032
0.137199
0.146249
0.154948
0.16302
0.170154
0.176012
0.18025
0.182539
0.182599
0.180234
0.175381
0.168152
0.158891
0.148238
0.137211
0.127301
0.12063
0.120761
0.044833
0.0488696
0.0537301
0.0592409
0.0652739
0.0718832
0.0790947
0.0869297
0.0953992
0.104495
0.114191
0.124432
0.135136
0.146185
0.157426
0.16867
0.179693
0.190239
0.20003
0.208777
0.216196
0.222027
0.226055
0.22814
0.228255
0.226541
0.223429
0.219824
0.217489
0.220647
0.039173
0.0428621
0.0473921
0.0525904
0.0583468
0.0647231
0.0717667
0.0795178
0.0880152
0.0972821
0.107331
0.118153
0.129721
0.141982
0.154857
0.168242
0.182005
0.195994
0.210038
0.223957
0.237568
0.250697
0.26319
0.274927
0.285835
0.295924
0.305361
0.314603
0.324712
0.338306
0.0336012
0.0369429
0.0410969
0.04593
0.0513344
0.0573774
0.0641208
0.0716158
0.0799208
0.0890798
0.0991332
0.110106
0.122012
0.134847
0.148587
0.163194
0.178614
0.194779
0.211615
0.229047
0.247007
0.265441
0.284317
0.303635
0.323432
0.343806
0.364956
0.38727
0.411545
0.439724
0.0288118
0.0318806
0.0356557
0.0401368
0.045184
0.0508747
0.0572748
0.0644401
0.0724408
0.0813328
0.0911747
0.102013
0.113888
0.126827
0.140847
0.155952
0.17214
0.189405
0.207741
0.227152
0.247659
0.269308
0.292181
0.316407
0.342168
0.369728
0.399467
0.431964
0.468168
0.509962
0.0249296
0.0277825
0.0312124
0.0353826
0.0401062
0.0454725
0.051545
0.0583807
0.066056
0.074633
0.0841816
0.0947619
0.106432
0.119239
0.133228
0.148432
0.164885
0.182621
0.20168
0.22212
0.244024
0.26751
0.292743
0.31995
0.349435
0.381607
0.417033
0.456521
0.501303
0.553489
0.0217341
0.0243951
0.027518
0.031416
0.0358558
0.0409355
0.0467144
0.0532473
0.0606143
0.0688794
0.0781197
0.0884035
0.0998007
0.112375
0.126188
0.141295
0.157756
0.175631
0.194994
0.215939
0.238589
0.26311
0.289721
0.318716
0.35048
0.385526
0.42456
0.468578
0.519066
0.578401
0.018989
0.0214655
0.0243146
0.0279734
0.0321696
0.0370019
0.0425279
0.0487957
0.0558889
0.0638698
0.0728203
0.082813
0.0939264
0.106235
0.119813
0.134736
0.151079
0.168927
0.188375
0.209542
0.232577
0.257677
0.285092
0.315152
0.348286
0.385068
0.426281
0.473041
0.527018
0.590811
0.016457
0.0187511
0.0213477
0.0247963
0.0287884
0.0334135
0.0387337
0.0447858
0.0516585
0.0594096
0.0681243
0.0778763
0.0887496
0.100826
0.11419
0.128931
0.14514
0.162918
0.18238
0.203661
0.226928
0.252391
0.280313
0.311034
0.344992
0.382769
0.425159
0.473316
0.528986
0.594922
0.0140526
0.0161681
0.0185211
0.021786
0.0256112
0.0300708
0.0352416
0.0411444
0.0478787
0.0554953
0.0640833
0.0737148
0.0844766
0.0964538
0.109739
0.124429
0.14063
0.158456
0.178039
0.199527
0.223098
0.248969
0.277402
0.308726
0.343356
0.381833
0.424897
0.473638
0.529755
0.596036
0.0117494
0.0136807
0.0157832
0.018877
0.0225601
0.0268838
0.0319616
0.0377917
0.044499
0.0521257
0.0607714
0.0705063
0.0814203
0.0935991
0.107138
0.122141
0.13872
0.157002
0.177131
0.19927
0.223606
0.250359
0.279788
0.312198
0.347956
0.387523
0.431515
0.480847
0.537017
0.602686
0.0096063
0.0112975
0.0131304
0.0160441
0.0195868
0.0237792
0.0288156
0.0346573
0.0414891
0.0493455
0.0583577
0.0686017
0.0801826
0.0931917
0.107731
0.123907
0.141836
0.16165
0.183501
0.207558
0.234019
0.263107
0.295076
0.330204
0.3688
0.411202
0.457821
0.509257
0.566571
0.63206
0.00777122
0.00916506
0.0106954
0.013393
0.0168123
0.020854
0.0259199
0.0318803
0.0390607
0.0474893
0.057386
0.0688664
0.0821018
0.0972338
0.114415
0.133791
0.155512
0.179732
0.206617
0.236346
0.269117
0.305145
0.344664
0.38791
0.43509
0.486348
0.541727
0.601204
0.664855
0.733941
0.00686003
0.00790635
0.00891978
0.0115131
0.0149566
0.0189152
0.0243139
0.0307162
0.0388503
0.048699
0.0607568
0.0752823
0.0927074
0.11342
0.137859
0.16646
0.199667
0.237915
0.281625
0.331194
0.386987
0.449324
0.518454
0.594514
0.677435
0.766774
0.861469
0.959563
1.05798
1.15383
0.00796484
0.0081623
0.00842344
0.0106212
0.0130707
0.0163012
0.020492
0.0258971
0.0330265
0.0424472
0.0549847
0.0716877
0.0939055
0.123327
0.162024
0.21249
0.277666
0.360958
0.466226
0.597747
0.760143
0.958247
1.1969
1.48059
1.81288
2.19536
2.6262
3.0974
3.5926
4.0926
3.96571
2.61642
1.98436
1.5238
1.19606
0.953431
0.770834
0.631335
0.523757
0.440494
0.376203
0.326405
0.288008
0.258636
0.236413
0.219829
0.207653
0.198878
0.192678
0.18838
0.185438
0.183413
0.181959
0.180805
0.179747
0.178638
0.177379
0.175918
0.174235
0.17233
0.567913
0.494331
0.422646
0.361942
0.31203
0.271789
0.23922
0.212709
0.190957
0.173088
0.158583
0.14659
0.136683
0.128528
0.121861
0.116462
0.112139
0.108714
0.106022
0.103911
0.102244
0.1009
0.0997811
0.0988053
0.0979114
0.0970552
0.0962081
0.0953558
0.094491
0.0935938
0.242871
0.221328
0.201142
0.18472
0.169356
0.155879
0.144037
0.133623
0.124523
0.116672
0.109846
0.103894
0.0987181
0.0942295
0.09035
0.0870076
0.0841336
0.0816622
0.0795308
0.0776812
0.0760622
0.0746307
0.0733533
0.072206
0.0711745
0.0702524
0.0694403
0.0687443
0.0681667
0.0676894
0.162247
0.151861
0.142342
0.134899
0.126941
0.119283
0.111886
0.104891
0.0984102
0.0924618
0.0870586
0.0822089
0.077902
0.0741094
0.070789
0.0678906
0.0653604
0.0631454
0.0611962
0.0594694
0.0579285
0.0565444
0.0552953
0.0541652
0.0531438
0.0522239
0.0514018
0.0506748
0.0500349
0.0494705
0.123711
0.12177
0.117215
0.11247
0.106421
0.100038
0.0935209
0.0871949
0.0811918
0.0756268
0.0705734
0.0660595
0.0620745
0.0585797
0.0555202
0.0528336
0.0504568
0.0483312
0.0464041
0.0446302
0.0429715
0.0413965
0.0398788
0.0383967
0.0369314
0.0354662
0.0339866
0.0324782
0.0309255
0.0293217
0.0994481
0.102168
0.100359
0.0966828
0.0912288
0.0851207
0.0788797
0.0727826
0.0670229
0.0617344
0.0569806
0.0527701
0.0490716
0.0458296
0.0429773
0.0404459
0.0381706
0.0360936
0.0341657
0.0323465
0.0306032
0.0289102
0.0272478
0.0256014
0.0239606
0.0223188
0.0206729
0.0190226
0.0173705
0.015727
0.0814075
0.0859517
0.085481
0.0822354
0.0770262
0.071153
0.0651834
0.0594142
0.0540512
0.0492035
0.0449046
0.0411357
0.0378467
0.0349717
0.0324408
0.0301881
0.028155
0.0262927
0.0245617
0.022932
0.0213817
0.0198963
0.0184676
0.0170928
0.0157741
0.0145182
0.0133354
0.0122396
0.011248
0.0103801
0.0665918
0.0713138
0.0713221
0.0682777
0.0633441
0.0578841
0.0523882
0.0471796
0.0424355
0.038227
0.0345555
0.0313803
0.0286395
0.0262648
0.0241901
0.0223571
0.020717
0.0192314
0.0178717
0.0166182
0.0154588
0.0143882
0.0134068
0.0125196
0.011735
0.0110645
0.0105206
0.0101167
0.00986508
0.00977404
0.0538962
0.0579663
0.0580192
0.0551852
0.050707
0.0458665
0.0410817
0.0366498
0.0327015
0.0292698
0.0263299
0.0238281
0.0216999
0.0198814
0.0183156
0.0169548
0.0157617
0.0147089
0.0137778
0.0129579
0.0122449
0.0116398
0.0111477
0.010776
0.0105334
0.0104286
0.0104687
0.0106585
0.0109994
0.0114858
0.0429866
0.0460319
0.0459476
0.0434164
0.039626
0.0355897
0.0316864
0.028154
0.0250749
0.0224518
0.0202463
0.0184033
0.0168651
0.0155789
0.0145001
0.0135938
0.0128343
0.0122044
0.0116942
0.0112998
0.0110216
0.0108631
0.0108295
0.0109257
0.0111559
0.0115217
0.0120222
0.0126533
0.0134076
0.0142723
0.0337966
0.0356299
0.0352912
0.0331395
0.0301785
0.0270587
0.0241179
0.0215219
0.0193114
0.017471
0.0159605
0.014733
0.0137437
0.0129543
0.0123344
0.0118612
0.0115195
0.0112998
0.0111979
0.0112123
0.0113439
0.0115937
0.011962
0.0124475
0.0130462
0.0137517
0.0145549
0.0154449
0.016409
0.0174312
0.0265892
0.027244
0.0266655
0.025
0.0228861
0.020709
0.0187123
0.0169959
0.0155749
0.0144308
0.0135323
0.0128464
0.0123439
0.0120006
0.0117979
0.0117224
0.0117649
0.0119194
0.0121819
0.0125491
0.0130177
0.013583
0.0142389
0.0149774
0.0157891
0.0166635
0.0175897
0.0185575
0.0195567
0.0205769
0.0221189
0.0218467
0.0211144
0.0199357
0.0185487
0.0171698
0.0159472
0.0149349
0.0141384
0.0135445
0.0131337
0.0128861
0.0127837
0.0128114
0.0129567
0.0132097
0.0135618
0.0140054
0.0145334
0.0151381
0.0158114
0.0165444
0.0173279
0.0181523
0.0190088
0.019889
0.0207862
0.0216951
0.0226097
0.0235234
0.0210874
0.0202846
0.0194875
0.0186025
0.0176339
0.0167282
0.0159675
0.0153789
0.0149633
0.0147108
0.0146075
0.0146389
0.0147911
0.0150513
0.0154074
0.0158487
0.0163645
0.0169448
0.01758
0.0182605
0.0189772
0.0197218
0.0204865
0.0212652
0.0220526
0.0228451
0.0236402
0.0244363
0.0252295
0.026015
0.0229235
0.0217726
0.02087
0.0200231
0.019209
0.0185084
0.0179612
0.017577
0.0173504
0.0172697
0.0173208
0.0174888
0.017759
0.0181173
0.0185502
0.0190449
0.0195896
0.0201734
0.0207862
0.0214192
0.0220648
0.0227165
0.0233691
0.0240181
0.0246598
0.0252904
0.0259065
0.0265037
0.0270731
0.0276041
0.0266923
0.0252394
0.024166
0.0232345
0.0224257
0.0217744
0.0212932
0.0209774
0.0208142
0.0207873
0.0208791
0.0210722
0.0213493
0.0216946
0.0220931
0.0225312
0.0229971
0.0234803
0.0239717
0.024464
0.0249505
0.0254256
0.025884
0.0263202
0.0267281
0.0271009
0.0274308
0.0277092
0.0279213
0.0280503
0.0319104
0.0301859
0.0288949
0.0277987
0.0268931
0.0261826
0.0256607
0.0253102
0.0251099
0.0250373
0.0250705
0.0251884
0.0253719
0.0256035
0.025868
0.0261523
0.0264451
0.0267372
0.0270208
0.0272888
0.0275351
0.027753
0.0279358
0.0280756
0.0281639
0.0281912
0.0281479
0.0280246
0.0278055
0.0274733
0.0383202
0.0363898
0.0348612
0.0335386
0.0324481
0.031582
0.0309216
0.0304395
0.0301056
0.0298908
0.0297682
0.0297139
0.0297067
0.029729
0.029766
0.0298056
0.0298381
0.0298555
0.0298508
0.0298175
0.0297489
0.0296375
0.0294753
0.0292538
0.0289636
0.0285959
0.0281428
0.0275983
0.0269497
0.0261822
0.045695
0.0436857
0.0419494
0.0403683
0.0390205
0.037907
0.0370091
0.0362938
0.0357249
0.0352671
0.034889
0.0345639
0.0342697
0.0339888
0.0337079
0.0334166
0.0331071
0.0327728
0.0324079
0.0320066
0.0315624
0.0310682
0.0305166
0.0298999
0.0292109
0.0284434
0.0275937
0.0266605
0.0256356
0.0245065
0.0537482
0.0518488
0.0500071
0.0481977
0.0465619
0.0451322
0.043906
0.042856
0.0419459
0.0411386
0.0404002
0.0397024
0.0390232
0.0383459
0.0376591
0.0369548
0.0362274
0.0354728
0.034687
0.0338657
0.0330041
0.0320968
0.0311385
0.030124
0.0290494
0.0279121
0.026712
0.0254527
0.0241292
0.0227301
0.062151
0.0605757
0.0587875
0.0568547
0.0549689
0.0532063
0.0515952
0.0501272
0.0487773
0.0475142
0.0463078
0.0451321
0.0439674
0.0427997
0.0416205
0.040425
0.039211
0.0379772
0.0367226
0.0354458
0.0341445
0.0328162
0.0314584
0.0300688
0.0286465
0.0271915
0.0257062
0.0241967
0.0226597
0.0210825
0.0705715
0.0695113
0.0679395
0.0660386
0.0640104
0.0619707
0.0599827
0.0580643
0.0562113
0.054409
0.0526397
0.0508878
0.0491413
0.0473928
0.0456393
0.0438811
0.0421204
0.04036
0.0386028
0.0368507
0.035105
0.033366
0.0316337
0.0299081
0.0281893
0.0264782
0.0247775
0.0230939
0.0214239
0.019754
0.0787658
0.0782958
0.0771106
0.0753924
0.0733622
0.0711594
0.0688724
0.0665418
0.0641856
0.0618105
0.0594199
0.0570171
0.0546068
0.0521957
0.0497921
0.0474052
0.0450444
0.0427185
0.0404351
0.0382002
0.036018
0.0338916
0.0318223
0.0298105
0.0278558
0.0259573
0.0241149
0.0223333
0.0206019
0.0189016
0.0861884
0.0862215
0.0854462
0.0839882
0.0820735
0.0798447
0.0773991
0.0747869
0.0720382
0.0691757
0.0662219
0.0632019
0.0601423
0.0570704
0.0540128
0.0509937
0.048034
0.0451515
0.0423602
0.0396705
0.0370899
0.0346227
0.0322707
0.0300329
0.0279056
0.0258824
0.0239537
0.0221139
0.0203277
0.0185585
0.0925412
0.0928996
0.0924534
0.0912446
0.0894957
0.0873401
0.0848727
0.0821405
0.0791741
0.0760001
0.0726501
0.0691628
0.0655825
0.0619565
0.058331
0.0547485
0.051246
0.0478537
0.0445952
0.0414878
0.038543
)
;

boundaryField
{
    front
    {
        type            wedge;
    }
    back
    {
        type            wedge;
    }
    bottomwall
    {
        type            epsilonWallFunction;
        blending        stepwise;
        value           nonuniform List<scalar> 
30
(
0.00796484
0.0081623
0.00842344
0.0106212
0.0130707
0.0163012
0.020492
0.0258971
0.0330265
0.0424472
0.0549847
0.0716877
0.0939055
0.123327
0.162024
0.21249
0.277666
0.360958
0.466226
0.597747
0.760143
0.958247
1.1969
1.48059
1.81288
2.19536
2.6262
3.0974
3.5926
4.0926
)
;
    }
    topwall
    {
        type            epsilonWallFunction;
        blending        stepwise;
        value           nonuniform List<scalar> 
30
(
4.05292
3.77214
3.43325
3.08634
2.75126
2.43951
2.15515
1.89909
1.67033
1.46699
1.28678
1.12735
0.986424
0.861935
0.752025
0.655062
0.569612
0.494411
0.428334
0.370369
0.319602
0.27521
0.236483
0.202801
0.173857
0.149214
0.130102
0.116388
0.116066
0.142656
)
;
    }
    reflector
    {
        type            epsilonWallFunction;
        blending        stepwise;
        value           nonuniform List<scalar> 
95
(
0.174252
0.178892
0.183657
0.188397
0.193104
0.197745
0.202296
0.206735
0.211044
0.215203
0.219199
0.223019
0.226656
0.230105
0.233368
0.236452
0.239366
0.242132
0.244773
0.247321
0.249774
0.252168
0.254542
0.256944
0.259426
0.26205
0.264882
0.267999
0.27149
0.27546
0.280033
0.285364
0.29165
0.299142
0.308158
0.327835
0.346971
0.36811
0.39052
0.414324
0.439483
0.465935
0.493557
0.522123
0.551285
0.580535
0.609191
0.636386
0.661105
0.682278
0.698956
0.710592
0.7174
0.720751
0.723384
0.729576
0.743103
0.767367
0.786518
0.796788
0.830335
0.968837
1.34573
2.14055
3.25137
3.96571
2.61642
1.98436
1.5238
1.19606
0.953431
0.770834
0.631335
0.523757
0.440494
0.376203
0.326405
0.288008
0.258636
0.236413
0.219829
0.207653
0.198878
0.192678
0.18838
0.185438
0.183413
0.181959
0.180805
0.179747
0.178638
0.177379
0.175918
0.174235
0.17233
)
;
    }
    hx
    {
        type            epsilonWallFunction;
        blending        stepwise;
        value           nonuniform List<scalar> 
276
(
0.159435
0.159435
0.435373
0.765478
1.1746
1.62066
2.07733
2.52146
2.78255
2.84527
2.73542
2.51416
2.22916
1.97605
1.70317
1.59426
1.51558
1.62407
2.06233
2.86982
3.01252
3.01389
2.95349
2.86056
2.75408
2.64143
2.52637
2.41149
2.29854
2.18874
2.08289
1.98151
1.88488
1.79316
1.70636
1.62444
1.54727
1.4747
1.40654
1.34259
1.28264
1.22646
1.17382
1.12451
1.07831
1.03498
0.994294
0.956019
0.919891
0.88562
0.852865
0.821191
0.790106
0.758717
0.726899
0.692083
0.551341
0.229217
0.229217
0.108961
0.127931
0.131327
0.148831
0.135078
0.162011
0.126148
0.171932
0.11065
0.180313
0.0985614
0.187933
0.0951937
0.195227
0.137003
0.202431
0.40679
0.210734
0.229449
0.219926
0.212616
0.205145
0.197093
0.187772
0.176122
0.159965
0.134096
0.266159
0.266159
0.721095
1.04153
1.09643
1.14845
1.20097
1.25458
1.31058
1.36978
1.43285
1.50036
1.57284
1.65077
1.73465
1.82501
1.92239
2.02736
2.14055
2.26264
2.39435
2.53646
2.68981
2.85532
3.03394
3.22672
3.43475
3.65916
3.90111
4.1617
4.44197
4.74264
5.06389
5.40477
5.7621
6.12824
6.48534
6.79193
6.95812
6.76699
4.55963
2.97752
1.98163
1.50424
1.18397
0.940645
0.759468
0.614579
0.493496
0.390108
0.301377
0.225802
0.162794
0.111577
0.0716628
0.0413913
0.020554
0.017486
0.00659414
0.00566668
0.00621616
0.00683695
0.00704795
0.00672021
0.00578847
0.0042736
0.00628473
0.00628473
2.9305
2.38607
2.16218
2.05126
2.04909
2.15351
2.36374
2.67252
3.07655
3.54396
3.85206
2.06829
2.5572
2.92638
3.24608
3.50822
3.72079
3.8874
4.01179
4.09731
4.14731
4.16298
4.46413
2.87371
4.53591
2.37644
4.59973
1.97204
4.64606
1.64716
4.67134
1.34436
4.66898
1.14791
4.62872
1.25738
4.53432
1.73643
4.35374
2.68995
4.01023
4.15161
3.40597
5.65292
0.862381
1.19577
1.5238
1.84413
2.15544
2.45775
2.74907
3.02437
3.27479
3.48716
3.64421
3.72711
3.72041
3.60216
3.30101
3.1738
2.82791
2.62036
2.47201
2.36003
2.26787
2.18706
2.1113
2.03615
1.95836
1.87598
1.79021
1.71046
1.63822
1.58753
4.34676
0.416309
4.0623
0.292761
3.78222
0.26483
3.47213
0.479203
2.08608
5.61818
2.11586
5.65613
2.17537
5.74362
2.19163
5.80335
2.21343
5.84392
2.23404
5.86182
2.25928
5.85574
2.28224
5.82487
2.30485
5.77211
2.45652
5.71331
2.56438
5.65987
2.58719
5.6248
2.56371
5.61893
2.48235
5.64105
2.5203
5.66089
2.69109
5.48298
3.01839
5.07612
3.38938
5.13261
4.08262
5.07984
1.73208
2.33562
)
;
    }
}


// ************************************************************************* //
