/*--------------------------------*- C++ -*----------------------------------*\
| =========                 |                                                 |
| \\      /  F ield         | OpenFOAM: The Open Source CFD Toolbox           |
|  \\    /   O peration     | Version:  2406                                  |
|   \\  /    A nd           | Website:  www.openfoam.com                      |
|    \\/     M anipulation  |                                                 |
\*---------------------------------------------------------------------------*/
FoamFile
{
    version     2.0;
    format      ascii;
    arch        "LSB;label=32;scalar=64";
    class       volScalarField;
    location    "0/fluidRegion";
    object      k;
}
// * * * * * * * * * * * * * * * * * * * * * * * * * * * * * * * * * * * * * //

dimensions      [0 2 -2 0 0 0 0];

internalField   nonuniform List<scalar> 
8595
(
0.0158049
0.0308776
0.0449805
0.0598405
0.0741645
0.0875131
0.0995797
0.10634
0.107932
0.105136
0.0993872
0.0917268
0.0846449
0.0766608
0.0733572
0.0709233
0.0742686
0.0870912
0.108552
0.112122
0.112156
0.110652
0.108319
0.105614
0.102714
0.0997089
0.0966627
0.0936204
0.0906147
0.0876692
0.0848007
0.0820211
0.0793381
0.0767568
0.0742799
0.0719085
0.0696421
0.0674794
0.0654182
0.0634559
0.0615891
0.0598141
0.0581271
0.0565237
0.0549992
0.0535483
0.0521651
0.0508425
0.0495717
0.0483417
0.0471373
0.0459402
0.0447152
0.0434562
0.0420573
0.0361423
0.0201326
0.0254332
0.0528173
0.0814038
0.114667
0.149126
0.183474
0.211074
0.22871
0.235744
0.233229
0.224191
0.210296
0.196509
0.180811
0.171215
0.159347
0.160749
0.179623
0.171649
0.161596
0.152688
0.144728
0.137454
0.13073
0.124523
0.118777
0.11344
0.108469
0.103828
0.0994871
0.0954207
0.0916069
0.0880267
0.0846634
0.0815019
0.0785287
0.0757315
0.0730989
0.0706207
0.0682867
0.0660878
0.0640152
0.0620605
0.0602153
0.0584715
0.0568205
0.055253
0.0537587
0.0523253
0.0509372
0.0495739
0.0482103
0.0467988
0.0453333
0.0436128
0.0430976
0.0283055
0.0288043
0.0618453
0.0982744
0.141954
0.188135
0.23447
0.270163
0.292048
0.300206
0.296677
0.284982
0.268982
0.252593
0.234479
0.219763
0.20276
0.193829
0.197936
0.18582
0.173788
0.163626
0.154693
0.146617
0.139217
0.132388
0.126069
0.120205
0.114752
0.10967
0.104926
0.100492
0.0963429
0.0924559
0.0888119
0.0853934
0.0821844
0.0791706
0.0763388
0.0736766
0.0711729
0.068817
0.066599
0.0645092
0.0625385
0.0606777
0.0589173
0.0572474
0.0556568
0.0541323
0.0526574
0.0512101
0.0497631
0.0482647
0.0467054
0.0448583
0.0440359
0.03131
0.0293502
0.0641094
0.104309
0.155639
0.212527
0.269498
0.309976
0.333085
0.340338
0.336096
0.324336
0.308676
0.291536
0.272167
0.253463
0.231481
0.212226
0.200181
0.18615
0.173798
0.1638
0.155088
0.147222
0.140003
0.133308
0.12708
0.121272
0.115847
0.110773
0.106023
0.101572
0.097398
0.0934817
0.0898053
0.0863527
0.0831089
0.0800601
0.0771937
0.0744978
0.0719616
0.0695746
0.067327
0.0652095
0.063213
0.0613286
0.0595476
0.0578604
0.0562568
0.0547249
0.0532501
0.0518123
0.0503868
0.0489237
0.047412
0.0456237
0.0448871
0.0331323
0.0280419
0.061772
0.103417
0.161869
0.230136
0.292721
0.331673
0.351675
0.356936
0.353322
0.343493
0.329815
0.313774
0.294743
0.27384
0.248159
0.220552
0.193044
0.178933
0.167164
0.157942
0.149964
0.142757
0.136109
0.129907
0.124099
0.118646
0.11352
0.108701
0.104167
0.0999006
0.0958866
0.0921093
0.0885547
0.0852094
0.0820611
0.0790978
0.0763084
0.0736824
0.0712099
0.0688815
0.0666882
0.0646215
0.0626732
0.0608353
0.0590999
0.0574589
0.0559038
0.0544247
0.0530101
0.051644
0.0503066
0.0489536
0.0475773
0.045951
0.0455694
0.0344715
0.0256954
0.0577577
0.100772
0.16846
0.246195
0.300857
0.331701
0.346308
0.349711
0.346715
0.339501
0.329204
0.31623
0.299608
0.279033
0.252204
0.220036
0.181384
0.167679
0.15681
0.148546
0.141469
0.135092
0.129176
0.123635
0.118412
0.113475
0.108804
0.104384
0.100203
0.0962505
0.0925161
0.0889896
0.085661
0.0825207
0.0795588
0.0767661
0.0741336
0.0716523
0.0693137
0.0671097
0.0650327
0.0630752
0.0612303
0.059491
0.0578508
0.0563033
0.0548418
0.0534595
0.0521483
0.0508971
0.0496928
0.0484985
0.0473145
0.0459112
0.0461725
0.0355827
0.0237881
0.0563964
0.104416
0.182938
0.254114
0.29295
0.311521
0.318029
0.317992
0.315017
0.310525
0.304565
0.296397
0.284397
0.267101
0.242549
0.210591
0.166678
0.153944
0.144309
0.13712
0.13101
0.125514
0.120384
0.115564
0.110994
0.106646
0.102505
0.0985608
0.094809
0.0912442
0.0878612
0.0846544
0.081618
0.0787454
0.07603
0.0734647
0.0710426
0.0687568
0.0666003
0.0645666
0.0626491
0.0608418
0.0591388
0.0575346
0.0560242
0.0546028
0.053266
0.0520098
0.0508301
0.0497213
0.0486774
0.0476705
0.0467138
0.0455715
0.046698
0.0365783
0.0232431
0.0644894
0.129235
0.209064
0.252989
0.26998
0.272866
0.269708
0.265179
0.261558
0.259324
0.257712
0.255133
0.249332
0.237984
0.219294
0.19251
0.149635
0.138681
0.130712
0.124727
0.119625
0.114969
0.110647
0.106565
0.102666
0.098928
0.0953401
0.0918999
0.088607
0.0854614
0.0824624
0.0796085
0.0768972
0.0743249
0.0718877
0.0695808
0.0673991
0.0653375
0.0633906
0.0615532
0.0598201
0.0581864
0.0566476
0.0551993
0.053838
0.0525606
0.0513648
0.0502493
0.0492138
0.0482581
0.047384
0.0465733
0.0458576
0.0449943
0.0471799
0.0375188
0.0296284
0.117743
0.197678
0.236217
0.241906
0.233903
0.221761
0.210549
0.202486
0.19814
0.197123
0.198373
0.200188
0.200258
0.195947
0.185591
0.167909
0.131544
0.123161
0.117187
0.112444
0.10832
0.104484
0.10092
0.0975248
0.0942542
0.0910906
0.08803
0.0850741
0.0822269
0.0794923
0.0768732
0.074371
0.0719859
0.069717
0.0675622
0.0655186
0.063583
0.0617516
0.0600204
0.0583854
0.0568425
0.055388
0.0540183
0.0527304
0.0515217
0.0503907
0.0493368
0.0483609
0.0474661
0.0466569
0.0459428
0.0453157
0.0448316
0.0442428
0.0475431
0.0384361
0.0612071
0.264886
0.271515
0.244801
0.214147
0.188134
0.168714
0.155592
0.147727
0.144008
0.143485
0.145288
0.148367
0.151278
0.152034
0.149537
0.141785
0.114912
0.109373
0.105211
0.101514
0.0981273
0.0950248
0.0921152
0.0893124
0.0865828
0.0839163
0.0813138
0.0787815
0.0763267
0.0739564
0.071676
0.0694894
0.0673987
0.0654047
0.063507
0.0617042
0.0599943
0.0583746
0.0568423
0.0553942
0.0540273
0.0527386
0.0515254
0.0503855
0.0493174
0.0483203
0.047395
0.046544
0.0457726
0.0450886
0.0445079
0.0440312
0.0437433
0.0433939
0.0478582
0.0394801
0.0417842
0.0406199
0.0397147
0.0387789
0.0377574
0.0365574
0.0350292
0.0328527
0.0292078
0.0193407
0.048228
0.048433
0.0485891
0.0485718
0.048448
0.0481112
0.0475299
0.0465797
0.0452958
0.0375871
0.0415521
0.0427062
0.0440244
0.0453845
0.0466606
0.047741
0.0485249
0.0489043
0.0487546
0.0480277
0.0417077
0.0429265
0.0443924
0.045971
0.0475095
0.0488693
0.0499304
0.0505572
0.0505431
0.0497011
0.0418476
0.0431501
0.0447562
0.0465329
0.0483055
0.0499079
0.0511988
0.0520217
0.0521241
0.051261
0.0422321
0.043597
0.0453127
0.0472498
0.0492152
0.0510179
0.0524969
0.0534799
0.0536821
0.052812
0.0427183
0.0441516
0.0459738
0.0480595
0.0501988
0.0521789
0.0538212
0.0549405
0.0552314
0.054372
0.0432972
0.0448046
0.0467349
0.0489643
0.0512679
0.0534126
0.0552037
0.0564453
0.0568176
0.0559783
0.0439484
0.0455364
0.0475798
0.0499542
0.0524195
0.0547239
0.0566575
0.0580145
0.0584647
0.0576516
0.0446633
0.0463383
0.0485009
0.0510245
0.0536538
0.0561184
0.0581937
0.0596641
0.0601914
0.059408
0.0454366
0.0472046
0.0494934
0.0521726
0.0549713
0.0576004
0.0598206
0.061406
0.0620114
0.0612598
0.0462659
0.0481329
0.0505552
0.0533979
0.0563737
0.0591744
0.0615451
0.0632499
0.0639359
0.0632169
0.0471504
0.0491223
0.0516859
0.0547011
0.0578636
0.0608449
0.0633742
0.0652044
0.0659745
0.0652882
0.0480909
0.0501735
0.0528864
0.0560841
0.0594441
0.062617
0.0653146
0.0672778
0.0681362
0.0674817
0.0490887
0.0512879
0.0541587
0.0575495
0.0611194
0.0644961
0.0673733
0.0694783
0.0704297
0.0698052
0.0501461
0.0524679
0.0555052
0.0591007
0.0628939
0.0664883
0.0695575
0.0718145
0.0728642
0.0722666
0.051266
0.0537163
0.0569294
0.0607419
0.0647729
0.0686
0.0718753
0.0742953
0.075449
0.074874
0.0524516
0.0550366
0.058435
0.0624776
0.0667621
0.0708385
0.0743353
0.0769307
0.0781942
0.0776356
0.0537069
0.0564329
0.0600265
0.0643129
0.0688678
0.0732115
0.0769468
0.0797311
0.0811105
0.0805603
0.0550363
0.0579096
0.0617089
0.0662536
0.071097
0.0757278
0.0797202
0.0827081
0.0842099
0.083657
0.0564451
0.0594725
0.0634877
0.0683061
0.0734576
0.0783968
0.0826668
0.0858747
0.0875052
0.0869352
0.0579379
0.0611271
0.0653705
0.070479
0.0759581
0.0812291
0.0857993
0.0892451
0.091011
0.0904049
0.0595208
0.0628798
0.0673638
0.0727802
0.0786108
0.0842382
0.0891319
0.0928353
0.094743
0.0940763
0.0612007
0.0647381
0.0694759
0.0752193
0.0814263
0.0874386
0.0926834
0.0966634
0.0987193
0.0979601
0.0629854
0.0667109
0.0717167
0.0778078
0.0844183
0.0908468
0.0964729
0.100753
0.10296
0.102067
0.0648844
0.0688089
0.0740983
0.0805592
0.0876032
0.0944824
0.100524
0.105129
0.10749
0.106408
0.0669087
0.0710448
0.0766351
0.0834905
0.0910009
0.0983695
0.104864
0.109822
0.112337
0.110994
0.0690718
0.0734346
0.0793452
0.0866223
0.0946361
0.102538
0.109527
0.114868
0.117535
0.115834
0.0713906
0.0759982
0.0822517
0.0899814
0.0985401
0.107024
0.114557
0.120313
0.123123
0.120937
0.0738862
0.0787613
0.0853846
0.0936026
0.102754
0.111877
0.120008
0.126216
0.129152
0.126307
0.0765865
0.0817582
0.0887843
0.0975329
0.107333
0.117162
0.125954
0.132649
0.135682
0.131944
0.0795288
0.0850352
0.0925061
0.101837
0.112353
0.122965
0.132491
0.139713
0.142793
0.137837
0.0827651
0.0886575
0.0966282
0.106607
0.117921
0.129412
0.139757
0.147543
0.150588
0.143956
0.0863705
0.0927198
0.101265
0.11198
0.124196
0.136683
0.147949
0.156329
0.15921
0.150233
0.0904572
0.0973636
0.106591
0.118162
0.131423
0.145056
0.157362
0.166354
0.168852
0.156531
0.0951971
0.102808
0.11288
0.12549
0.139996
0.154977
0.168465
0.178045
0.179789
0.162555
0.100888
0.10943
0.120592
0.134518
0.150566
0.167178
0.182028
0.1921
0.192439
0.167638
0.108121
0.117909
0.13054
0.146239
0.164318
0.183008
0.199473
0.2098
0.207595
0.170362
0.117596
0.129285
0.144445
0.163113
0.184362
0.206009
0.224391
0.234092
0.226873
0.167228
0.131198
0.145646
0.164751
0.187956
0.213941
0.239872
0.260633
0.267133
0.248724
0.128528
0.11721
0.125864
0.137699
0.152671
0.169904
0.187249
0.200845
0.203697
0.186611
0.0967417
0.129665
0.135237
0.142668
0.151659
0.161163
0.168719
0.170661
0.163467
0.141535
0.073744
0.142819
0.145784
0.149821
0.154062
0.156883
0.156621
0.152027
0.14085
0.11812
0.0613653
0.149849
0.149745
0.149966
0.14938
0.147205
0.142917
0.135453
0.122895
0.100901
0.0523123
0.150318
0.147754
0.145136
0.141524
0.136747
0.130307
0.121295
0.108148
0.0871574
0.044874
0.144505
0.140343
0.136102
0.131163
0.12528
0.117946
0.108378
0.0952788
0.075553
0.038909
0.133893
0.128795
0.123955
0.118869
0.112963
0.105653
0.0962674
0.0837473
0.0655711
0.033788
0.119631
0.114528
0.110056
0.105443
0.100031
0.0932606
0.0845543
0.0730338
0.0566591
0.02919
0.103399
0.0985454
0.0947278
0.0909278
0.0863938
0.080569
0.072939
0.0627685
0.0484198
0.0249556
0.086246
0.0818255
0.0788393
0.0760225
0.0725476
0.0678661
0.0615199
0.0528936
0.0406889
0.0210112
0.0692694
0.0653567
0.0632356
0.0614195
0.0590266
0.055527
0.0505171
0.0434881
0.0334333
0.0173325
0.0532778
0.0499136
0.0486239
0.0477321
0.0463365
0.0439426
0.0402052
0.0347121
0.026712
0.0139359
0.0388457
0.0360402
0.0354882
0.0353771
0.0348199
0.0333804
0.0307777
0.0266892
0.0205839
0.0108333
0.0266282
0.0243421
0.0243201
0.0247615
0.0248102
0.0241087
0.0224417
0.0195631
0.015135
0.00806443
0.0169557
0.0149663
0.015159
0.0158622
0.0162574
0.0160705
0.015147
0.0133039
0.010353
0.00559306
0.0109528
0.00892285
0.00896344
0.00943057
0.00977353
0.00975743
0.00926385
0.00815081
0.00638574
0.00350732
0.00751073
0.00392037
0.00354357
0.00376909
0.00401603
0.00409823
0.00397018
0.00359416
0.00293596
0.00159185
0.0478787
0.041748
0.0390938
0.0377451
0.0377185
0.0389893
0.0414871
0.0450258
0.0494565
0.0543467
0.0574526
0.0394809
0.0382707
0.0372825
0.0365685
0.0355577
0.0345538
0.0339611
0.0341416
0.0349615
0.0357243
0.0362189
0.0412084
0.0385628
0.0378874
0.037686
0.0373305
0.0369859
0.0368533
0.0371285
0.0377788
0.0383916
0.0387929
0.0414788
0.0391859
0.0390854
0.0394911
0.0398358
0.040144
0.0404568
0.0408439
0.0413145
0.0414883
0.0413874
0.0393256
0.0383718
0.0389885
0.0398613
0.0405879
0.0411503
0.0415544
0.0418276
0.041987
0.0416935
0.0410819
0.0362082
0.0363241
0.0375092
0.0387306
0.039696
0.0403697
0.0407487
0.0408444
0.0406845
0.0400246
0.0390626
0.0329068
0.0335549
0.0350659
0.0365061
0.0376102
0.0383232
0.0386405
0.038582
0.0381708
0.0372764
0.0361464
0.029823
0.0304954
0.0320668
0.0335867
0.0347489
0.0354651
0.0357265
0.0355609
0.0349919
0.0339819
0.0327853
0.0272531
0.0275172
0.0288744
0.030318
0.031456
0.0321472
0.0323653
0.0321385
0.0314935
0.0304535
0.0292439
0.0254266
0.0249403
0.025808
0.0269925
0.0280046
0.0286325
0.0288145
0.0285646
0.027907
0.0268979
0.0257186
0.0245169
0.0230336
0.0231459
0.0238513
0.0245853
0.0250657
0.025184
0.0249297
0.0243123
0.023399
0.0223309
0.0247521
0.0220989
0.0212257
0.0212259
0.0214999
0.0217165
0.021724
0.0214832
0.0209704
0.0202359
0.0193836
0.0265339
0.0226391
0.0206423
0.0197699
0.0194246
0.0192551
0.0190838
0.0188474
0.0184854
0.0179991
0.0174596
0.0303505
0.0252599
0.022135
0.020357
0.019349
0.0187508
0.01836
0.0180824
0.0178405
0.0175832
0.0173528
0.035882
0.0298405
0.025757
0.0231699
0.0215394
0.020508
0.0198543
0.0194568
0.0192378
0.0191124
0.0190969
0.0423285
0.035658
0.0308738
0.0276506
0.0254948
0.024067
0.0231398
0.0225754
0.0222986
0.0222066
0.022289
0.0490976
0.0420888
0.0368676
0.0332093
0.0306649
0.0289206
0.0277527
0.0270172
0.0266414
0.0265181
0.0266149
0.0557232
0.0486119
0.0431931
0.0393053
0.0365338
0.0345908
0.0332601
0.0323962
0.0319258
0.0317536
0.0318297
0.0618433
0.0548052
0.0493872
0.0454556
0.0426198
0.0406142
0.0392309
0.0383248
0.0377974
0.0376025
0.037667
0.0671861
0.0603403
0.0550741
0.05125
0.0484907
0.0465483
0.0452208
0.0443625
0.0438698
0.0437076
0.0437998
0.071568
0.0649861
0.0599796
0.0563767
0.0538056
0.0520313
0.0508563
0.050134
0.0497575
0.0496913
0.0498621
0.0748579
0.068577
0.0639037
0.0606017
0.0582983
0.0567682
0.0558169
0.055297
0.0550984
0.0551804
0.0554748
0.0769519
0.0709928
0.0667012
0.063752
0.0617675
0.0605303
0.059848
0.0595721
0.0595891
0.05985
0.0602939
0.0777567
0.0721306
0.0682288
0.0656389
0.0639704
0.063018
0.0625924
0.0625477
0.0627706
0.0632028
0.0637904
0.0774524
0.0721743
0.0686457
0.0663954
0.0650121
0.0643075
0.0640979
0.0642429
0.0646333
0.0652026
0.0658987
0.0763584
0.0714488
0.0682859
0.0663619
0.0652403
0.0647537
0.0647253
0.0650223
0.0655412
0.0662115
0.0669824
0.0746389
0.0701277
0.0673425
0.065745
0.0648762
0.0645905
0.0647204
0.0651426
0.0657599
0.0665018
0.0673211
0.0722831
0.0682165
0.0658442
0.0645896
0.0639793
0.0638898
0.0641656
0.0646948
0.0653888
0.0661792
0.0670248
0.0691688
0.0656181
0.0637151
0.0628327
0.0624966
0.0626047
0.063018
0.063639
0.0643898
0.065207
0.0660564
0.065225
0.0622667
0.0608934
0.060412
0.0603648
0.0606706
0.0612112
0.0619065
0.0626919
0.0635139
0.0643426
0.0604227
0.0581022
0.0573098
0.0572472
0.0574972
0.0579952
0.0586486
0.059397
0.0601919
0.0609939
0.0617747
0.0549593
0.0532187
0.0530041
0.0533307
0.053851
0.0545102
0.0552423
0.0560073
0.0567743
0.0575186
0.0582167
0.0497334
0.048352
0.0486184
0.0492043
0.049878
0.0505873
0.0512925
0.0519717
0.0526109
0.0532015
0.0537333
0.0482257
0.0474081
0.0482665
0.0490519
0.0497555
0.0503455
0.050821
0.0511825
0.0514327
0.0515746
0.0516342
0.041176
0.047433
0.0518948
0.0556088
0.0585637
0.060906
0.0627109
0.0640416
0.0649486
0.0654758
0.0656406
0.042793
0.0460349
0.0462665
0.0455971
0.0444756
0.0431226
0.0416359
0.0400649
0.0384497
0.0367271
0.0348481
0.0328172
0.0307983
0.0291402
0.0278792
0.0269892
0.0264156
0.0260871
0.0259024
0.0258822
0.026439
0.0278359
0.0302645
0.0335854
0.0372289
0.0409348
0.0445773
0.048236
0.0518139
0.0551629
0.0580979
0.0603172
0.0605333
0.0567305
0.0483791
0.0476844
0.0468817
0.045616
0.0442811
0.0429612
0.0416919
0.0404883
0.0393624
0.0383282
0.0373424
0.0363877
0.0354816
0.034709
0.0341898
0.0338843
0.0337314
0.033663
0.0336121
0.0335197
0.0333653
0.0332832
0.0334445
0.0338878
0.0346296
0.0355359
0.0365403
0.0376134
0.0387955
0.0400828
0.041466
0.0429431
0.0445134
0.0460856
0.0472609
0.0479062
0.0430857
0.0425787
0.0420394
0.0415152
0.0410287
0.040602
0.0402493
0.0399791
0.0397925
0.0396816
0.039647
0.0396897
0.0397961
0.0399245
0.0400431
0.0401314
0.0401788
0.0401819
0.0401424
0.0400675
0.0399659
0.0398605
0.0397563
0.0396669
0.0395987
0.0395543
0.0395385
0.0395596
0.0396298
0.0397615
0.0399655
0.0402502
0.0406156
0.0409687
0.0412735
0.0433238
0.0426986
0.0420827
0.0415335
0.0410673
0.0406947
0.0404175
0.0402314
0.0401268
0.0400907
0.0401183
0.0402053
0.0403351
0.0404682
0.0405814
0.0406608
0.0407002
0.0406987
0.0406588
0.0405851
0.0404785
0.0403601
0.0402422
0.0401378
0.0400553
0.0399939
0.0399553
0.0399432
0.0399669
0.0400391
0.0401742
0.0403891
0.0406995
0.041042
0.0413728
0.0435072
0.0427881
0.0421191
0.0415537
0.0410962
0.0407478
0.0405027
0.0403498
0.0402741
0.0402602
0.0403003
0.0403882
0.0405077
0.0406246
0.0407192
0.0407809
0.0408055
0.0407926
0.0407447
0.0406663
0.0405591
0.0404383
0.040321
0.0402212
0.0401456
0.0400917
0.0400594
0.0400517
0.0400765
0.0401444
0.0402689
0.040466
0.0407545
0.0410925
0.0414482
0.0438807
0.0431161
0.0424332
0.0418726
0.041431
0.0411054
0.0408854
0.040756
0.0406989
0.0406973
0.0407421
0.0408262
0.0409343
0.0410361
0.041114
0.0411597
0.0411702
0.0411458
0.0410895
0.0410058
0.0408996
0.0407804
0.040667
0.0405737
0.0405047
0.0404572
0.0404302
0.0404266
0.0404537
0.0405214
0.040642
0.0408296
0.0410957
0.0414089
0.0417613
0.0443569
0.0435708
0.0428785
0.0423159
0.0418796
0.0415651
0.0413591
0.041243
0.0411965
0.0412017
0.0412485
0.0413295
0.04143
0.0415213
0.0415874
0.0416211
0.0416206
0.0415869
0.0415228
0.0414335
0.0413254
0.041206
0.0410932
0.0410022
0.0409365
0.0408922
0.0408684
0.040868
0.040898
0.0409681
0.0410907
0.0412798
0.0415395
0.0418358
0.042175
0.0449372
0.0441442
0.0434383
0.0428652
0.0424261
0.0421152
0.0419163
0.0418078
0.0417678
0.0417772
0.0418255
0.041905
0.0420009
0.0420855
0.0421432
0.0421681
0.0421589
0.0421168
0.0420454
0.0419497
0.0418369
0.0417155
0.0416007
0.0415095
0.0414444
0.0414015
0.0413792
0.0413809
0.0414135
0.0414868
0.0416134
0.0418088
0.0420717
0.0423615
0.0426854
0.0456078
0.0448114
0.0440833
0.043492
0.0430437
0.0427308
0.0425341
0.0424297
0.0423938
0.0424064
0.0424566
0.0425363
0.0426306
0.0427115
0.0427638
0.0427822
0.0427659
0.0427165
0.0426377
0.042535
0.0424158
0.0422896
0.0421712
0.0420775
0.0420111
0.0419678
0.0419459
0.0419488
0.0419836
0.0420603
0.0421921
0.0423959
0.0426678
0.0429601
0.0432744
0.0463615
0.0455584
0.0448
0.0441845
0.0437222
0.0434032
0.0432054
0.0431026
0.0430694
0.0430849
0.0431376
0.043219
0.0433138
0.0433933
0.0434423
0.043456
0.0434337
0.0433776
0.0432914
0.0431811
0.0430543
0.0429212
0.0427975
0.0426999
0.0426308
0.042586
0.0425636
0.042567
0.0426038
0.0426841
0.0428218
0.0430352
0.043319
0.0436201
0.0439323
0.0471927
0.0463761
0.0455804
0.0449361
0.044456
0.0441276
0.0439262
0.0438234
0.0437921
0.0438104
0.0438661
0.0439505
0.0440474
0.0441273
0.0441745
0.0441846
0.0441573
0.0440946
0.044001
0.0438825
0.0437473
0.043606
0.0434753
0.0433726
0.0433
0.0432528
0.0432291
0.0432327
0.0432712
0.0433553
0.0434993
0.0437232
0.0440208
0.0443346
0.044652
0.0480976
0.0472595
0.0464209
0.045744
0.0452428
0.0449024
0.0446956
0.0445916
0.0445618
0.0445828
0.0446422
0.0447305
0.0448308
0.0449123
0.0449589
0.0449663
0.0449343
0.0448654
0.0447641
0.0446369
0.0444925
0.044342
0.0442031
0.0440943
0.0440173
0.0439672
0.0439419
0.0439451
0.0439853
0.0440732
0.044224
0.044459
0.0447716
0.0451008
0.045429
0.0490743
0.0482064
0.0473203
0.0466073
0.0460823
0.0457277
0.045514
0.045408
0.0453792
0.0454032
0.0454667
0.0455598
0.0456646
0.0457487
0.0457956
0.0458009
0.0457646
0.0456894
0.0455802
0.0454438
0.0452895
0.0451289
0.0449809
0.044865
0.044783
0.0447294
0.044702
0.0447048
0.0447464
0.0448383
0.0449962
0.0452428
0.0455715
0.0459178
0.046261
0.0501221
0.0492169
0.0482788
0.0475266
0.0469752
0.0466046
0.0463828
0.0462741
0.0462463
0.0462733
0.0463415
0.0464402
0.0465503
0.0466379
0.0466856
0.0466893
0.0466489
0.0465674
0.04645
0.0463039
0.0461389
0.0459675
0.0458096
0.0456859
0.0455982
0.0455406
0.0455108
0.0455128
0.0455558
0.0456517
0.0458171
0.0460757
0.0464214
0.0467863
0.0471473
0.0512416
0.0502917
0.0492978
0.0485032
0.047923
0.0475349
0.047304
0.0471922
0.0471652
0.0471957
0.0472689
0.0473739
0.0474901
0.0475819
0.0476311
0.0476334
0.047589
0.0475011
0.0473751
0.0472188
0.0470425
0.0468595
0.0466908
0.0465586
0.0464647
0.0464027
0.0463701
0.0463711
0.0464154
0.0465153
0.0466883
0.0469594
0.0473228
0.0477074
0.0480883
0.0524342
0.0514327
0.0503788
0.049539
0.0489279
0.0485208
0.04828
0.0481648
0.0481388
0.0481729
0.0482518
0.0483637
0.0484868
0.0485834
0.0486345
0.0486357
0.0485874
0.0484928
0.0483579
0.0481908
0.0480025
0.0478069
0.0476268
0.0474855
0.0473847
0.0473179
0.0472822
0.047282
0.0473274
0.0474314
0.0476123
0.0478963
0.0482779
0.0486833
0.0490855
0.0537018
0.0526421
0.0515243
0.0506362
0.0499922
0.0495649
0.0493135
0.0491948
0.0491698
0.049208
0.0492932
0.0494127
0.0495435
0.0496455
0.0496989
0.0496992
0.0496469
0.0495454
0.049401
0.0492226
0.0490215
0.0488127
0.0486202
0.0484691
0.048361
0.0482889
0.0482497
0.0482481
0.0482945
0.0484026
0.0485915
0.0488888
0.0492894
0.0497164
0.0501412
0.0550468
0.0539225
0.0527365
0.0517973
0.0511184
0.0506698
0.0504075
0.0502852
0.0502616
0.0503044
0.0503965
0.0505244
0.0506636
0.0507715
0.0508276
0.0508272
0.0507707
0.0506621
0.0505078
0.0503173
0.0501026
0.0498797
0.0496741
0.0495125
0.0493965
0.0493187
0.0492756
0.0492723
0.0493197
0.049432
0.0496291
0.04994
0.0503601
0.0508098
0.0512583
0.0564719
0.0552763
0.054018
0.0530248
0.0523093
0.0518384
0.0515649
0.0514392
0.0514174
0.0514654
0.0515652
0.0517024
0.0518508
0.0519653
0.0520243
0.0520233
0.0519626
0.0518464
0.0516818
0.0514785
0.0512494
0.0510113
0.0507918
0.050619
0.0504945
0.0504105
0.0503633
0.0503581
0.0504063
0.0505229
0.0507284
0.0510533
0.0514934
0.0519668
0.0524404
0.0579796
0.0567062
0.0553713
0.0543212
0.0535676
0.0530738
0.0527891
0.0526603
0.0526409
0.0526949
0.0528031
0.0529505
0.053109
0.0532307
0.0532931
0.0532915
0.0532265
0.0531024
0.0529266
0.0527098
0.0524654
0.0522113
0.0519769
0.0517922
0.0516587
0.051568
0.0515163
0.051509
0.0515581
0.051679
0.0518933
0.0522325
0.0526931
0.0531912
0.0536919
0.0595726
0.0582146
0.0567987
0.0556892
0.0548959
0.0543789
0.0540831
0.0539519
0.0539357
0.0539966
0.0541144
0.054273
0.0544425
0.054572
0.0546382
0.0546361
0.0545665
0.054434
0.0542466
0.0540153
0.0537547
0.0534836
0.0532334
0.053036
0.0528928
0.052795
0.0527385
0.0527289
0.0527788
0.0529043
0.0531276
0.0534817
0.0539632
0.0544871
0.0550168
0.0612528
0.0598033
0.0583022
0.0571308
0.056297
0.0557567
0.0554505
0.0553177
0.0553058
0.0553746
0.0555032
0.0556743
0.0558557
0.0559938
0.0560641
0.0560616
0.0559871
0.0558457
0.0556459
0.0553994
0.0551215
0.0548323
0.0545653
0.0543546
0.0542011
0.0540957
0.0540341
0.0540221
0.0540729
0.0542031
0.0544358
0.0548053
0.0553084
0.0558591
0.0564193
0.0630222
0.061474
0.0598833
0.058648
0.0577731
0.05721
0.0568943
0.0567614
0.056755
0.0568333
0.056974
0.0571589
0.0573535
0.0575008
0.0575756
0.0575727
0.0574931
0.0573423
0.0571292
0.0568665
0.0565703
0.0562618
0.0559771
0.0557522
0.0555879
0.0554746
0.0554076
0.0553932
0.0554449
0.0555803
0.055823
0.0562084
0.0567337
0.0573122
0.057905
0.0648813
0.0632273
0.0615431
0.0602423
0.0593264
0.0587415
0.058418
0.0582866
0.0582877
0.0583771
0.0585315
0.0587317
0.0589408
0.0590981
0.0591778
0.0591744
0.0590894
0.0589284
0.0587013
0.0584213
0.0581056
0.0577768
0.0574733
0.0572336
0.0570579
0.0569364
0.0568638
0.0568469
0.0569
0.057041
0.0572944
0.0576967
0.0582449
0.0588525
0.0594797
0.0668302
0.0650632
0.0632818
0.0619145
0.0609585
0.0603538
0.0600247
0.0598972
0.0599079
0.0600105
0.0601807
0.0603979
0.0606229
0.0607911
0.060876
0.0608721
0.0607811
0.0606093
0.0603671
0.0600688
0.0597324
0.059382
0.0590587
0.0588035
0.058616
0.058486
0.0584079
0.0583888
0.0584436
0.058591
0.0588561
0.0592763
0.0598485
0.0604865
0.0611505
0.0688672
0.0669802
0.0650986
0.0636649
0.0626707
0.0620489
0.0617176
0.061597
0.0616201
0.0617384
0.0619267
0.062163
0.0624053
0.0625853
0.0626756
0.062671
0.0625736
0.0623901
0.0621318
0.0618138
0.0614555
0.0610823
0.0607383
0.060467
0.0602673
0.0601287
0.0600452
0.0600244
0.0600817
0.0602366
0.0605148
0.0609545
0.0615519
0.0622219
0.0629252
0.0709889
0.0689753
0.0669914
0.0654927
0.0644635
0.0638289
0.0634995
0.0633898
0.0634288
0.0635658
0.0637748
0.0640324
0.0642938
0.0644865
0.0645825
0.064577
0.0644723
0.0642761
0.0640004
0.0636614
0.0632798
0.0628826
0.062517
0.0622291
0.0620172
0.0618701
0.0617817
0.0617599
0.061821
0.061985
0.0622781
0.0627394
0.0633637
0.0640678
0.0648134
0.0731902
0.0710441
0.068957
0.0673961
0.066337
0.0656952
0.0653732
0.0652795
0.0653385
0.0654979
0.0657306
0.0660122
0.0662945
0.0665006
0.0666025
0.0665955
0.0664828
0.0662726
0.0659781
0.0656166
0.0652101
0.0647877
0.0643996
0.064095
0.0638709
0.0637158
0.0636233
0.0636019
0.0636685
0.0638438
0.0641547
0.0646404
0.0652941
0.0660348
0.0668263
0.0754634
0.07318
0.0709905
0.0693726
0.0682905
0.067649
0.0673414
0.0672697
0.0673539
0.0675399
0.0677999
0.0681082
0.0684133
0.0686338
0.0687415
0.0687323
0.0686102
0.0683846
0.0680695
0.0676837
0.067251
0.0668021
0.066391
0.0660696
0.0658339
0.0656718
0.0655766
0.0655576
0.0656323
0.0658222
0.0661544
0.0666686
0.0673551
0.0681359
0.0689777
0.0777986
0.0753748
0.073086
0.0714184
0.0703227
0.0696911
0.0694066
0.0693643
0.0694797
0.0696972
0.0699885
0.0703266
0.0706564
0.0708919
0.0710051
0.0709926
0.0708597
0.0706166
0.0702789
0.0698669
0.0694061
0.0689297
0.0684952
0.0681575
0.0679113
0.0677439
0.0676483
0.0676346
0.0677213
0.0679303
0.0682891
0.0688373
0.0695616
0.0703871
0.071285
0.0801837
0.0776189
0.0752364
0.0735294
0.0724321
0.071822
0.0715711
0.0715669
0.0717205
0.0719751
0.0723021
0.0726732
0.0730297
0.0732806
0.0733985
0.0733813
0.0732353
0.0729723
0.0726095
0.0721689
0.0716782
0.0711732
0.0707155
0.0703627
0.070108
0.0699379
0.0698455
0.0698417
0.0699457
0.0701802
0.070573
0.0711632
0.0719322
0.0728089
0.0737703
0.0826055
0.0799023
0.0774345
0.0757013
0.0746169
0.0740422
0.073837
0.073881
0.0740806
0.0743784
0.0747458
0.0751534
0.0755384
0.0758047
0.0759261
0.075902
0.0757402
0.0754541
0.075063
0.074591
0.0740685
0.0735342
0.0730539
0.0726882
0.0724282
0.0722596
0.0721756
0.0721882
0.0723176
0.0725868
0.0730239
0.0736672
0.0744912
0.0754281
0.076463
0.0850517
0.0822169
0.0796744
0.0779305
0.0768756
0.0763518
0.0762059
0.0763091
0.0765633
0.076911
0.077324
0.0777715
0.0781864
0.0784677
0.0785906
0.0785565
0.0783751
0.078062
0.0776385
0.0771319
0.0765755
0.0760114
0.0755103
0.0751353
0.0748751
0.0747145
0.0746469
0.0746857
0.0748519
0.0751691
0.0756652
0.0763777
0.077271
0.0782815
0.0794038
0.0875137
0.0845588
0.0819528
0.0802142
0.0792062
0.0787499
0.0786778
0.078852
0.0791701
0.0795747
0.0800384
0.0805291
0.0809751
0.0812704
0.081392
0.0813437
0.0811378
0.0807923
0.0803315
0.0797862
0.0791936
0.0786001
0.0780817
0.0777034
0.0774509
0.077308
0.0772689
0.0773484
0.0775683
0.0779525
0.0785291
0.0793338
0.0803178
0.0814209
0.0826504
0.0899927
0.0869347
0.0842716
0.082552
0.0816067
0.0812337
0.0812499
0.0815074
0.0818989
0.0823676
0.0828872
0.0834243
0.0839022
0.0842095
0.0843259
0.084258
0.084021
0.083636
0.0831315
0.0825426
0.0819116
0.0812903
0.0807608
0.080389
0.0801569
0.0800473
0.0800551
0.080197
0.0804958
0.0809754
0.0816636
0.0825943
0.0837002
0.0849244
0.0862894
0.0925299
0.0893761
0.0866454
0.0849482
0.0840743
0.083797
0.0839152
0.0842683
0.0847435
0.085284
0.0858649
0.0864512
0.0869612
0.0872782
0.0873841
0.0872891
0.0870121
0.0865785
0.0860218
0.0853831
0.0847114
0.0840659
0.0835356
0.0831865
0.0829957
0.0829437
0.0830272
0.0832649
0.0836805
0.0842978
0.0851443
0.0862517
0.0875281
0.0889168
0.0904592
0.0952582
0.0919384
0.0890947
0.0874035
0.0865956
0.0864195
0.0866514
0.0871126
0.0876829
0.0883053
0.0889562
0.0895979
0.0901412
0.0904636
0.0905509
0.0904186
0.09009
0.0895959
0.0889767
0.0882816
0.087569
0.0869075
0.0863933
0.0860913
0.0859725
0.086015
0.0862177
0.0866021
0.0871919
0.088011
0.0890865
0.0904481
0.0919719
0.0935975
0.0953861
0.0980556
0.0945223
0.0915913
0.0898688
0.0891026
0.0890261
0.0893828
0.0899651
0.0906437
0.0913631
0.0920988
0.0928074
0.0933885
0.0937116
0.0937724
0.0935914
0.0931973
0.0926284
0.0919349
0.0911783
0.0904308
0.089775
0.0893134
0.0891017
0.0891064
0.089304
0.0896995
0.0903148
0.0911719
0.0922939
0.0937084
0.0954393
0.0973035
0.0992599
0.10142
0.10114
0.0972363
0.0940062
0.0921763
0.091441
0.0914606
0.0919652
0.0927004
0.0935167
0.0943506
0.0951793
0.0959584
0.0965833
0.0969172
0.0969483
0.0967033
0.0962212
0.0955529
0.0947641
0.0939347
0.0931579
0.0925377
0.0921946
0.0921836
0.0924517
0.0929579
0.0937028
0.0947112
0.0960078
0.0976199
0.0995815
0.101924
0.104401
0.106908
0.109558
0.105084
0.100297
0.0964221
0.0943415
0.0936126
0.0937671
0.094449
0.0953742
0.0963673
0.0973561
0.09831
0.0991705
0.0998193
0.100118
0.100068
0.0997074
0.0990857
0.0982698
0.0973468
0.0964231
0.0956241
0.0950842
0.0949372
0.0952299
0.0958943
0.0968652
0.0981393
0.0997419
0.101707
0.104073
0.106887
0.110185
0.11367
0.117199
0.120855
0.125748
0.117247
0.109941
0.105515
0.103208
0.10223
0.101985
0.102094
0.102334
0.102592
0.102786
0.1028
0.102468
0.10169
0.100533
0.0990906
0.0974567
0.0957254
0.0940135
0.092459
0.0912133
0.0904326
0.0902569
0.0906397
0.0914186
0.0924955
0.0938415
0.0954372
0.0972478
0.0992456
0.101425
0.103804
0.106202
0.108555
0.110908
0.128383
0.117051
0.107484
0.101823
0.0989371
0.0977485
0.0974712
0.0976229
0.097925
0.0982278
0.0984409
0.0984625
0.0981587
0.0974325
0.096332
0.0949529
0.0934182
0.0918769
0.0905178
0.0895644
0.0892575
0.08982
0.0913411
0.0935578
0.0961653
0.0989894
0.101988
0.105105
0.108256
0.111375
0.114438
0.117455
0.120216
0.122641
0.124771
0.127413
0.114415
0.103929
0.0979514
0.0949591
0.093692
0.0933317
0.0933929
0.0936044
0.0938241
0.0939638
0.0939169
0.0935403
0.092746
0.0916201
0.0902958
0.0889327
0.0877332
0.0869647
0.0869594
0.0880862
0.090659
0.0946545
0.0994254
0.104401
0.109293
0.114047
0.118586
0.122805
0.126648
0.130121
0.133273
0.135927
0.138019
0.139627
0.124968
0.111563
0.101391
0.0959426
0.0933828
0.0923821
0.0921581
0.0922704
0.092471
0.0926328
0.0926725
0.0924861
0.0919398
0.0909754
0.0897186
0.0883295
0.0870019
0.0859933
0.0856608
0.0864715
0.0889673
0.0936031
0.100234
0.107666
0.114879
0.12144
0.127312
0.132451
0.136797
0.14036
0.143222
0.145494
0.147143
0.148239
0.148916
0.121436
0.108374
0.0991627
0.0946126
0.0926856
0.0920732
0.0920587
0.0922607
0.0924743
0.0925968
0.0925518
0.0922365
0.0915206
0.0903669
0.0889434
0.0874346
0.0860631
0.0851329
0.0850834
0.0865177
0.0901738
0.0966924
0.105809
0.115628
0.124536
0.132021
0.138144
0.142977
0.146567
0.149042
0.150594
0.15142
0.151685
0.151624
0.151369
0.118083
0.105604
0.0975046
0.0939129
0.092652
0.0924615
0.0926931
0.0930183
0.0932684
0.0933661
0.0932474
0.0928123
0.0919341
0.0905857
0.0889741
0.0872947
0.0857873
0.0847814
0.0847704
0.0864558
0.0907469
0.0985005
0.109417
0.12088
0.130646
0.138219
0.14382
0.147664
0.149926
0.150875
0.150824
0.15007
0.14898
0.147921
0.146949
0.11558
0.103489
0.0963416
0.0936161
0.0929792
0.0932012
0.0936884
0.0941558
0.0944655
0.0945606
0.0943845
0.0938372
0.092796
0.0912628
0.0894472
0.0875466
0.0858077
0.0845614
0.0843154
0.0857943
0.0899967
0.0979822
0.109601
0.121779
0.131691
0.138859
0.143621
0.146282
0.147121
0.146546
0.145
0.142871
0.140683
0.138858
0.137349
0.114265
0.102043
0.0955382
0.093551
0.0934917
0.0941177
0.0948701
0.0954973
0.0958868
0.096
0.0957867
0.095145
0.093948
0.0922041
0.0901429
0.0879611
0.0859011
0.0842827
0.083562
0.0844134
0.0878081
0.0949088
0.10591
0.117836
0.127436
0.134083
0.138062
0.139663
0.13921
0.137237
0.134344
0.131043
0.12799
0.125596
0.123684
0.114305
0.101155
0.0949103
0.0935461
0.0940375
0.0950723
0.0961066
0.0969144
0.0974038
0.0975529
0.0973171
0.0965907
0.0952385
0.0932678
0.090923
0.0883981
0.0859254
0.0837983
0.0824214
0.0823803
0.0845293
0.0899703
0.0991748
0.109815
0.118695
0.124873
0.128368
0.129325
0.128003
0.124985
0.121006
0.116729
0.112948
0.11008
0.107854
0.11593
0.100725
0.0942905
0.0934615
0.0945012
0.0959626
0.0973016
0.0983121
0.0989213
0.0991227
0.0988769
0.0980723
0.0965611
0.0943443
0.0916807
0.0887615
0.0858079
0.0830835
0.0809323
0.0798373
0.0805094
0.0839389
0.0908142
0.0995932
0.107462
0.113215
0.116521
0.117252
0.115445
0.111618
0.106632
0.101369
0.0968401
0.093506
0.0909926
0.119541
0.100684
0.0935377
0.0931959
0.0948057
0.0967196
0.0983858
0.0996183
0.100363
0.100629
0.100383
0.0995044
0.0978299
0.0953526
0.092348
0.0890082
0.0855466
0.082201
0.079262
0.0771181
0.0763358
0.0777533
0.0821458
0.0886935
0.095229
0.100486
0.103818
0.10476
0.102951
0.098643
0.0927364
0.0864013
0.0810001
0.077124
0.0742918
0.125626
0.100906
0.0925233
0.0926995
0.0949293
0.0973248
0.0993349
0.1008
0.101688
0.102027
0.101785
0.100835
0.0989941
0.0962482
0.0928935
0.0891274
0.0851615
0.0812167
0.0775446
0.0744588
0.0723991
0.0720354
0.0741023
0.0783031
0.0832155
0.0877675
0.0911803
0.0927034
0.0914701
0.0871894
0.08055
0.0730045
0.066472
0.061869
0.0586166
0.134262
0.100941
0.091103
0.0919863
0.0949213
0.0978252
0.100184
0.10188
0.102909
0.103318
0.103082
0.102061
0.100053
0.0970374
0.0933352
0.0891529
0.0847049
0.0802048
0.0758804
0.0719941
0.0688862
0.067069
0.0671551
0.0691366
0.0722449
0.0757817
0.0791003
0.0813851
0.0813315
0.077862
0.0709941
0.0621899
0.0541205
0.0484527
0.0445866
0.143776
0.0996238
0.0891166
0.0911457
0.0949045
0.0983351
0.101031
0.102941
0.104096
0.104566
0.10433
0.103237
0.101062
0.0977838
0.093747
0.0891688
0.0842694
0.079262
0.0743646
0.0698097
0.0658699
0.0629297
0.0614547
0.0615372
0.0628459
0.0650617
0.0678778
0.0707421
0.0722787
0.0706609
0.064693
0.0550678
0.045016
0.0377218
0.0328906
0.148303
0.0950184
0.0865131
0.0903503
0.0950509
0.0990055
0.10201
0.104102
0.105358
0.105871
0.105626
0.104458
0.102124
0.0985992
0.0942521
0.0893077
0.0839917
0.0785209
0.0731134
0.0679906
0.0633864
0.0595958
0.0569573
0.0555585
0.0552738
0.0560063
0.0577881
0.0605526
0.0634371
0.0645002
0.061241
0.0523433
0.0402391
0.030484
0.024032
0.137766
0.0861834
0.0836867
0.0898353
0.0954962
0.0999285
0.103192
0.105428
0.106759
0.107301
0.107043
0.105813
0.103345
0.0996147
0.095004
0.0897402
0.0840514
0.078159
0.0722874
0.0666603
0.0614973
0.0570431
0.0535524
0.0510874
0.0495721
0.0489305
0.049325
0.0510546
0.0540995
0.0574974
0.0586959
0.0539034
0.0414233
0.0284614
0.0193343
0.103783
0.0755447
0.0815749
0.0898479
0.096272
0.10106
0.104512
0.106853
0.108247
0.108826
0.108584
0.10734
0.104812
0.100964
0.0961797
0.0906774
0.0846818
0.0784173
0.0721175
0.0660178
0.0603423
0.0553176
0.0511653
0.047956
0.0456063
0.0439362
0.0430079
0.0431025
0.0446544
0.0480292
0.0527822
0.0559507
0.0497462
0.0350604
0.0208409
0.0687693
0.0895924
0.108653
0.12177
0.130707
0.136269
0.138692
0.137995
0.134138
0.126907
0.115393
0.0982667
0.075091
0.0494519
0.0278452
0.0152018
0.0105676
0.00965303
0.00996119
0.0107504
0.0117919
0.0129332
0.0140437
0.0150555
0.0161464
0.0175863
0.0196221
0.0224767
0.0264369
0.0321047
0.041059
0.0549604
0.0674417
0.0698561
0.0472581
0.0695045
0.0932242
0.113455
0.12712
0.136307
0.141867
0.144035
0.142833
0.138232
0.130025
0.117306
0.0988531
0.0745153
0.0481271
0.0265924
0.0145691
0.0104508
0.00978717
0.0102051
0.0110682
0.0121809
0.0133931
0.0145799
0.0156744
0.0168559
0.0184234
0.0206192
0.0236753
0.0278787
0.0338368
0.0434099
0.0592913
0.0746156
0.0772456
0.0416357
0.070155
0.0969076
0.118375
0.132652
0.142134
0.147725
0.149669
0.147987
0.142657
0.133482
0.119567
0.0998188
0.0743964
0.0473929
0.0261028
0.0144406
0.0105457
0.00998753
0.010466
0.0113871
0.0125675
0.0138537
0.0151171
0.0162732
0.0174772
0.0190433
0.0211986
0.0241574
0.0281348
0.0335574
0.0420825
0.057032
0.0724651
0.0745663
0.036767
0.0706253
0.100722
0.12347
0.138423
0.148254
0.153928
0.155698
0.153591
0.147592
0.137519
0.122501
0.101567
0.0751216
0.0474257
0.0260385
0.0145267
0.0107241
0.0102061
0.0107194
0.0116853
0.0129197
0.0142799
0.0156239
0.0168402
0.0180461
0.0195618
0.0216095
0.0243861
0.0280405
0.0328107
0.0399689
0.053197
0.0689727
0.0727021
0.0326091
0.0708812
0.104587
0.128648
0.144343
0.154589
0.160418
0.162098
0.159664
0.153107
0.142264
0.126286
0.104302
0.0768663
0.0483161
0.026487
0.0147964
0.0109316
0.0104041
0.010931
0.0119334
0.0132287
0.0146704
0.0161031
0.017379
0.0185732
0.0200033
0.0218742
0.0244038
0.0276821
0.0317969
0.0375136
0.0480569
0.062781
0.0686231
0.028479
0.0708574
0.108381
0.133757
0.150256
0.160992
0.167073
0.168791
0.166187
0.159256
0.147845
0.131118
0.108254
0.0798414
0.050203
0.0275069
0.0152624
0.0111647
0.010572
0.011086
0.0121093
0.0134608
0.0149919
0.0165299
0.0178746
0.0190454
0.0203643
0.0220523
0.0243265
0.0272583
0.0308388
0.0354083
0.0430109
0.0545583
0.0616963
0.0256323
0.0704495
0.111906
0.138542
0.155884
0.167186
0.173648
0.17559
0.173059
0.166038
0.154367
0.1372
0.113691
0.0843237
0.0533053
0.0292211
0.0159668
0.0114283
0.0107018
0.0111682
0.012189
0.0135856
0.0152115
0.0168769
0.018317
0.0194757
0.0206755
0.0221639
0.0241768
0.0267955
0.0299576
0.033702
0.0391266
0.0469094
0.0521142
0.0272369
0.0694883
0.114836
0.142567
0.160739
0.172675
0.179683
0.18212
0.180024
0.173341
0.161875
0.144725
0.120923
0.0906855
0.057966
0.0318514
0.0169946
0.0117392
0.0107897
0.0111614
0.0121441
0.0135627
0.0152807
0.0170982
0.0186784
0.019863
0.0209585
0.0222448
0.0239961
0.0263391
0.029215
0.0324627
0.0364781
0.0416118
0.0461311
0.0337769
0.0676309
0.116643
0.145144
0.164039
0.176645
0.184405
0.187712
0.186572
0.180852
0.170272
0.153826
0.130299
0.0994309
0.0647189
0.0357784
0.0185012
0.0121357
0.010841
0.011054
0.0119448
0.0133421
0.0151312
0.0171186
0.018899
0.0201782
0.0212118
0.0223031
0.0237793
0.0258508
0.028535
0.0315841
0.0349173
0.038678
0.0439347
0.0452213
0.0640251
0.116353
0.144997
0.164351
0.177636
0.186442
0.191161
0.191725
0.187867
0.179174
0.164479
0.142168
0.111237
0.0743952
0.04165
0.0207624
0.0126926
0.0108794
0.0108468
0.0115666
0.0128663
0.0146684
0.0168153
0.0188584
0.0203367
0.0213951
0.0223252
0.0235031
0.0252499
0.0277382
0.0307557
0.0338871
0.0369887
0.0433011
0.0603937
0.0574202
0.110785
0.137785
0.156961
0.171273
0.182014
0.189344
0.193008
0.192557
0.187412
0.176193
0.156719
0.126907
0.0882321
0.0505454
0.0242509
0.0135404
0.0109574
0.0105671
0.011008
0.0120869
0.013776
0.0159969
0.0183203
0.0201215
0.0213502
0.0222133
0.0231049
0.0244757
0.0267578
0.0299406
0.0333642
0.0362162
0.0425345
0.074193
0.0218212
0.0271341
0.0318941
0.0362213
0.0401923
0.0438692
0.0472726
0.0503803
0.0531264
0.0554012
0.057054
0.0579174
0.0578489
0.0566166
0.053415
0.0217879
0.0220693
0.0225614
0.0232093
0.0240016
0.0249305
0.0259852
0.027154
0.0284253
0.0297898
0.0312451
0.0327931
0.0344108
0.0360732
0.0381872
0.0223896
0.0223418
0.0228603
0.0237277
0.0248357
0.0261192
0.0275364
0.0290608
0.0306732
0.0323582
0.034103
0.0358974
0.0377257
0.0395219
0.0409848
0.0251733
0.0257903
0.0268908
0.0282545
0.0297546
0.031315
0.0328893
0.0344503
0.0359792
0.0374599
0.0388776
0.0402224
0.0414854
0.0425683
0.0429163
0.0283518
0.029485
0.0309203
0.032479
0.0340447
0.0355491
0.0369537
0.038238
0.0393876
0.040388
0.0412226
0.0418777
0.0423452
0.0425122
0.0417864
0.0314099
0.0327771
0.0343039
0.0358371
0.0372658
0.0385262
0.0395866
0.0404335
0.04106
0.0414579
0.0416159
0.041527
0.0411932
0.040513
0.0390001
0.0341029
0.0355721
0.0370997
0.0385302
0.0397464
0.0406849
0.041322
0.0416571
0.0416974
0.0414497
0.0409177
0.0401124
0.0390576
0.0376867
0.0356731
0.036564
0.038124
0.0396626
0.0409987
0.0419987
0.042598
0.042785
0.0425785
0.0420092
0.0411076
0.0399017
0.0384286
0.0367394
0.0348103
0.0324676
0.0390176
0.0407307
0.0423488
0.043649
0.0444755
0.0447625
0.0445131
0.0437716
0.0425979
0.0410537
0.0391982
0.0370995
0.0348376
0.0324306
0.0298259
0.0417282
0.0436903
0.0454786
0.0468204
0.0475376
0.0475647
0.0469212
0.0456774
0.0439251
0.0417599
0.0392757
0.0365743
0.0337655
0.0309059
0.0280343
0.0450493
0.0473697
0.0494193
0.0508776
0.0515492
0.0513719
0.0503816
0.048673
0.0463673
0.0435932
0.0404798
0.0371649
0.03379
0.0304533
0.0272705
0.0493599
0.0521624
0.0545702
0.0562243
0.0569218
0.0566075
0.0553324
0.0532113
0.0503893
0.0470223
0.043271
0.0393068
0.0353052
0.0314115
0.0278138
0.0551085
0.0585152
0.0613722
0.0632996
0.0640989
0.0637276
0.0622504
0.0597961
0.0565242
0.0526077
0.0482285
0.0435836
0.0388782
0.0343093
0.0301368
0.0621031
0.0661819
0.0695382
0.071793
0.0727666
0.0724362
0.0708798
0.0682334
0.0646602
0.0603363
0.0554496
0.0502067
0.0448294
0.0395569
0.0347078
0.0697551
0.0744298
0.0782119
0.0807474
0.0818899
0.0816433
0.0800985
0.0773936
0.0736859
0.0691425
0.0639421
0.0582844
0.0523901
0.0465239
0.0410434
0.0776173
0.0827088
0.0867507
0.0894383
0.0906706
0.0904835
0.0889793
0.0862945
0.0825745
0.0779691
0.0726381
0.0667605
0.0605396
0.0542459
0.0482513
0.0853426
0.0906257
0.0947242
0.0974048
0.0986185
0.0984346
0.096965
0.0943408
0.0906924
0.0861482
0.080843
0.0749268
0.068573
0.062039
0.0556865
0.0926165
0.0978472
0.101792
0.104304
0.105389
0.105145
0.10369
0.101147
0.0976278
0.0932397
0.0880896
0.0822945
0.075989
0.069403
0.0628642
0.0991628
0.104102
0.107697
0.109899
0.110758
0.110398
0.108935
0.106481
0.103131
0.0989697
0.0940766
0.0885358
0.0824381
0.0759761
0.0694238
0.104768
0.109199
0.112277
0.114056
0.114616
0.114096
0.112606
0.110244
0.107088
0.1032
0.0986388
0.0934565
0.087699
0.0815155
0.0751119
0.109274
0.113017
0.115448
0.116726
0.116939
0.116232
0.1147
0.112428
0.109475
0.105889
0.101709
0.0969617
0.0916494
0.0858757
0.0797702
0.112565
0.115481
0.117181
0.117916
0.117761
0.116855
0.115273
0.113082
0.110331
0.107055
0.103279
0.0990138
0.0942244
0.0889689
0.0832993
0.114599
0.116604
0.117528
0.117712
0.117191
0.116086
0.114446
0.112325
0.109759
0.106778
0.103401
0.099629
0.0954031
0.0907413
0.0856217
0.115268
0.116394
0.116593
0.11629
0.115454
0.11418
0.11249
0.110422
0.108005
0.105266
0.102228
0.0988927
0.0951901
0.0911188
0.0866016
0.114838
0.115213
0.11482
0.114147
0.113083
0.111693
0.109972
0.107946
0.105637
0.103075
0.100287
0.0972838
0.0939963
0.0904232
0.0864445
0.113655
0.11341
0.112557
0.111615
0.110399
0.10894
0.10721
0.105221
0.102993
0.100555
0.0979418
0.0951752
0.0921959
0.0890171
0.0854819
0.111876
0.111112
0.109899
0.108766
0.107455
0.105966
0.104249
0.102302
0.100139
0.097789
0.0952958
0.0926925
0.0899348
0.0870619
0.0838917
0.109476
0.108264
0.106766
0.105499
0.104142
0.10266
0.100981
0.0990909
0.0969911
0.0947104
0.0922968
0.0897977
0.0871891
0.0845461
0.0816805
0.106329
0.104732
0.103018
0.101674
0.100319
0.0988847
0.097282
0.0954756
0.0934548
0.091239
0.0888768
0.0864278
0.0838935
0.0813943
0.078769
0.102292
0.100391
0.098541
0.0971787
0.0958789
0.0945441
0.0930659
0.09139
0.0894863
0.0873567
0.0850391
0.0825974
0.0800579
0.0775931
0.0751164
0.0971606
0.0950601
0.0931606
0.0918422
0.0906523
0.0894714
0.0881777
0.0866987
0.0849818
0.0830011
0.0807673
0.0783292
0.0757225
0.0731707
0.0707234
0.0906281
0.0884633
0.0866088
0.0853947
0.0843655
0.0833915
0.0823467
0.0811474
0.0797211
0.0780106
0.0759839
0.0736459
0.0710062
0.0683144
0.0658194
0.0821135
0.0800999
0.0784079
0.0773621
0.0765404
0.0758202
0.075085
0.0742536
0.0732478
0.0719919
0.070418
0.0684797
0.066132
0.0636165
0.0614113
0.0716224
0.069885
0.0683812
0.0675052
0.06689
0.0664388
0.0660594
0.0656935
0.0652867
0.0647875
0.0641527
0.0633642
0.0623972
0.0616196
0.0621177
0.0562337
0.0520706
0.0494919
0.0476076
0.0461609
0.0449536
0.043882
0.0428654
0.0418449
0.0407748
0.0396257
0.0384106
0.0372631
0.0443843
0.0455648
0.0468243
0.0481648
0.0495862
0.0510727
0.0296799
0.0299707
0.0302952
0.0306172
0.0309478
0.0312876
0.0316384
0.0320013
0.0323774
0.0327674
0.0331721
0.0335921
0.0340279
0.0344798
0.0349482
0.0354334
0.0359353
0.0364543
0.0369901
0.037548
0.0381313
0.0387412
0.0393792
0.0400466
0.0407449
0.0414759
0.0422415
0.0430435
0.043884
0.0447649
0.0456878
0.0466536
0.0476633
0.0487162
0.0497985
0.0248969
0.0252838
0.0256937
0.0260872
0.0264733
0.0268516
0.0272229
0.0275874
0.0279452
0.0282963
0.0286408
0.0289786
0.0293097
0.0296342
0.0299519
0.0302629
0.0305673
0.0308652
0.031164
0.0314713
0.031787
0.0321117
0.0324466
0.0327924
0.0331501
0.033521
0.0339062
0.0343072
0.0347255
0.035163
0.0356214
0.0361031
0.0366108
0.0371484
0.0377161
0.0158051
0.0161319
0.0164774
0.0168108
0.0171345
0.0174468
0.0177469
0.0180342
0.0183084
0.0185691
0.0188164
0.0190508
0.0192725
0.0194822
0.0196808
0.019869
0.0200479
0.0202185
0.0203885
0.020555
0.0207187
0.0208799
0.0210387
0.0211954
0.0213499
0.0215021
0.0216518
0.0217988
0.0219428
0.0220834
0.0222206
0.0223544
0.0224851
0.0226143
0.0227444
0.00909094
0.00927598
0.00947821
0.00968237
0.00988787
0.010093
0.0102966
0.0104976
0.0106953
0.010889
0.0110786
0.0112636
0.0114443
0.0116207
0.0117929
0.0119614
0.0121265
0.0122887
0.0124442
0.0125908
0.0127287
0.0128579
0.0129783
0.0130896
0.0131913
0.013283
0.0133639
0.0134334
0.0134906
0.0135346
0.0135646
0.0135797
0.0135793
0.0135631
0.0135311
0.00682503
0.00686444
0.00692167
0.00698966
0.00706812
0.00715587
0.00725188
0.00735513
0.00746468
0.00757971
0.00769948
0.00782336
0.00795084
0.0080815
0.00821501
0.00835112
0.00848967
0.00863055
0.00876743
0.00889835
0.00902319
0.00914178
0.00925393
0.0093594
0.00945792
0.00954922
0.00963298
0.00970892
0.00977678
0.00983635
0.0098875
0.00993017
0.00996446
0.00999063
0.0100085
0.0073165
0.00722732
0.00715794
0.00710564
0.00707075
0.00705234
0.0070495
0.0070612
0.00708644
0.00712424
0.00717369
0.00723395
0.00730428
0.00738405
0.00747271
0.00756983
0.00767505
0.00778812
0.00790369
0.00801976
0.00813612
0.00825263
0.00836921
0.00848583
0.00860253
0.00871942
0.00883673
0.00895475
0.00907394
0.00919486
0.00931826
0.00944505
0.00957641
0.00971354
0.00985689
0.00920122
0.00900221
0.00882264
0.00866606
0.00853302
0.00842273
0.0083344
0.00826706
0.00821969
0.00819125
0.00818075
0.00818725
0.00820988
0.00824789
0.00830061
0.00836749
0.00844812
0.00854217
0.00864523
0.00875558
0.00887307
0.00899766
0.00912946
0.00926867
0.00941564
0.00957085
0.00973495
0.00990874
0.0100932
0.0102896
0.0104992
0.0107238
0.0109653
0.0112256
0.0115059
0.0117764
0.0114975
0.0112317
0.0109941
0.0107842
0.0106016
0.0104456
0.0103152
0.0102097
0.0101283
0.0100699
0.0100338
0.0100192
0.0100253
0.0100516
0.0100975
0.0101626
0.0102468
0.0103459
0.0104586
0.0105848
0.0107248
0.0108786
0.0110469
0.0112301
0.0114292
0.0116451
0.0118791
0.0121326
0.0124075
0.0127057
0.0130295
0.0133818
0.0137652
0.014182
0.0146264
0.0143074
0.0139897
0.0137046
0.0134502
0.0132257
0.0130306
0.012864
0.0127254
0.012614
0.0125291
0.0124702
0.0124365
0.0124276
0.0124429
0.012482
0.0125447
0.0126309
0.012737
0.0128619
0.013006
0.0131693
0.0133524
0.013556
0.0137809
0.0140281
0.0142991
0.0145954
0.0149188
0.0152714
0.0156557
0.0160744
0.0165307
0.0170277
0.0175678
0.0176206
0.0172935
0.0169522
0.0166485
0.0163778
0.0161397
0.0159329
0.0157567
0.0156102
0.015493
0.0154044
0.0153438
0.015311
0.0153056
0.0153273
0.015376
0.0154518
0.0155546
0.0156815
0.015832
0.0160062
0.0162047
0.0164282
0.0166776
0.0169542
0.0172593
0.0175946
0.017962
0.0183641
0.0188032
0.0192825
0.0198055
0.020376
0.0209976
0.0216732
0.0206701
0.0203587
0.0200163
0.0197161
0.0194525
0.0192251
0.0190324
0.0188735
0.0187472
0.0186527
0.0185891
0.0185558
0.018552
0.0185774
0.0186315
0.0187141
0.018825
0.0189643
0.0191311
0.0193256
0.0195482
0.0197996
0.0200808
0.0203929
0.0207373
0.0211157
0.02153
0.0219825
0.0224757
0.0230126
0.0235964
0.0242306
0.0249191
0.025665
0.0264696
0.0236499
0.0233733
0.0230409
0.0227539
0.0225052
0.0222955
0.0221234
0.0219879
0.0218878
0.0218223
0.0217904
0.0217912
0.0218241
0.0218884
0.0219835
0.0221091
0.0222649
0.0224507
0.0226679
0.0229174
0.0231998
0.0235159
0.0238666
0.0242535
0.0246782
0.0251426
0.0256491
0.0262005
0.0267999
0.0274509
0.0281577
0.028925
0.0297584
0.0306621
0.0316399
0.025981
0.0257663
0.0254676
0.0252206
0.0250127
0.0248457
0.0247175
0.0246268
0.0245723
0.0245531
0.0245681
0.0246164
0.0246972
0.0248097
0.0249534
0.0251276
0.025332
0.0255662
0.025834
0.0261371
0.0264757
0.0268508
0.0272632
0.0277142
0.0282056
0.028739
0.029317
0.0299421
0.0306174
0.0313464
0.0321334
0.032983
0.0339012
0.0348913
0.0359562
0.0273266
0.0271845
0.0269346
0.0267469
0.0266003
0.0264969
0.0264333
0.0264076
0.0264181
0.0264632
0.0265416
0.0266521
0.0267935
0.0269651
0.0271658
0.0273949
0.0276517
0.0279356
0.0282522
0.0286032
0.0289888
0.0294094
0.0298658
0.0303587
0.0308893
0.0314587
0.0320687
0.032721
0.0334177
0.0341612
0.0349541
0.0357997
0.036702
0.0376608
0.0386733
0.0277466
0.0276612
0.0274499
0.0273161
0.0272272
0.0271859
0.0271869
0.0272271
0.027304
0.0274152
0.0275588
0.0277332
0.0279367
0.028168
0.0284259
0.0287094
0.0290173
0.0293488
0.0297093
0.0301003
0.0305217
0.0309736
0.0314558
0.0319686
0.0325123
0.0330873
0.033694
0.0343331
0.0350052
0.0357111
0.0364514
0.0372274
0.0380404
0.0388866
0.0397558
0.0274557
0.0273937
0.0271921
0.0270894
0.0270391
0.0270439
0.0270955
0.0271894
0.0273217
0.027489
0.0276887
0.0279183
0.0281757
0.0284592
0.0287669
0.0290973
0.0294492
0.029821
0.0302171
0.0306382
0.0310838
0.0315531
0.0320457
0.0325608
0.0330979
0.0336562
0.0342351
0.0348338
0.0354513
0.0360867
0.0367385
0.0374054
0.0380866
0.0387742
0.0394496
0.0267049
0.026623
0.0263895
0.026286
0.0262468
0.0262743
0.0263558
0.0264847
0.0266552
0.0268628
0.0271037
0.0273745
0.0276726
0.0279955
0.028341
0.0287072
0.0290921
0.0294941
0.0299153
0.0303559
0.0308145
0.0312898
0.0317807
0.0322854
0.0328026
0.0333305
0.0338672
0.0344103
0.0349576
0.035506
0.0360522
0.0365922
0.037123
0.0376334
0.0380948
0.0257377
0.0255818
0.0252633
0.0251187
0.0250579
0.0250811
0.0251691
0.0253124
0.0255024
0.0257328
0.0259985
0.0262952
0.0266193
0.0269678
0.0273378
0.027727
0.0281331
0.028554
0.0289898
0.0294395
0.0299013
0.0303733
0.0308535
0.0313396
0.0318291
0.0323193
0.032807
0.0332887
0.0337604
0.0342175
0.0346544
0.0350649
0.0354434
0.0357761
0.0360227
0.0247803
0.0244839
0.0240126
0.0237773
0.0236557
0.0236435
0.0237123
0.0238477
0.0240376
0.0242732
0.0245474
0.0248548
0.0251906
0.025551
0.0259328
0.0263329
0.0267488
0.027178
0.0276186
0.0280686
0.0285258
0.0289875
0.0294513
0.029914
0.0303723
0.0308226
0.0312605
0.0316812
0.0320791
0.032448
0.0327802
0.033067
0.0333002
0.0334636
0.0335029
0.0240425
0.0235279
0.0228205
0.0224344
0.0222053
0.0221212
0.0221406
0.0222429
0.0224109
0.0226325
0.0228983
0.0232009
0.0235345
0.0238942
0.0242759
0.0246763
0.0250921
0.0255205
0.0259579
0.0264013
0.026848
0.027295
0.027739
0.0281765
0.0286032
0.0290147
0.0294054
0.0297693
0.0300992
0.030387
0.0306231
0.0307959
0.030894
0.0308992
0.030738
0.0236903
0.0228865
0.0218552
0.0212582
0.0208752
0.0206831
0.0206224
0.0206643
0.0207856
0.0209702
0.0212061
0.0214839
0.0217966
0.0221383
0.0225045
0.0228913
0.0232953
0.0237135
0.02414
0.0245705
0.0250017
0.0254305
0.0258529
0.0262649
0.0266616
0.0270376
0.0273863
0.0277005
0.0279712
0.0281883
0.0283394
0.028409
0.0283812
0.0282333
0.0278615
0.0237181
0.0225812
0.0211383
0.0202936
0.0197361
0.0194271
0.0192812
0.0192596
0.0193315
0.0194765
0.0196796
0.0199297
0.0202184
0.0205391
0.0208866
0.0212566
0.0216455
0.02205
0.0224629
0.0228789
0.0232946
0.0237063
0.0241098
0.0245004
0.0248729
0.0252206
0.0255362
0.0258105
0.0260322
0.0261877
0.0262598
0.0262253
0.026056
0.0257162
0.0250472
0.023973
0.0224986
0.0205964
0.0195056
0.0187876
0.0183821
0.0181699
0.0181015
0.0181379
0.0182547
0.0184342
0.0186636
0.0189335
0.0192365
0.0195669
0.01992
0.0202918
0.0206789
0.0210741
0.0214724
0.0218699
0.0222626
0.022646
0.023015
0.0233634
0.0236839
0.0239675
0.0242029
0.0243763
0.0244697
0.02446
0.0243164
0.0239987
0.0234653
0.0225178
0.0243323
0.0225193
0.0201428
0.0188142
0.0179518
0.0174684
0.0172062
0.0171047
0.0171166
0.017214
0.0173769
0.0175911
0.0178463
0.0181347
0.0184501
0.0187874
0.0191425
0.0195117
0.0198886
0.0202681
0.0206464
0.0210192
0.0213817
0.0217281
0.0220517
0.0223441
0.0225949
0.0227909
0.0229152
0.0229463
0.0228563
0.0226087
0.022156
0.0214641
0.0203161
0.0247916
0.0226165
0.0197487
0.0181753
0.0171727
0.0166185
0.0163128
0.0161836
0.0161753
0.0162566
0.0164053
0.0166062
0.0168482
0.0171229
0.017424
0.0177462
0.0180852
0.0184369
0.0187957
0.0191566
0.0195155
0.0198682
0.0202093
0.0205328
0.0208312
0.0210953
0.0213134
0.0214707
0.0215481
0.0215213
0.021359
0.0210226
0.0204608
0.0196576
0.0183854
0.0253789
0.0228045
0.0194145
0.0175738
0.0164233
0.0157958
0.0154452
0.0152868
0.0152566
0.0153198
0.0154522
0.0156375
0.015864
0.016123
0.0164078
0.0167132
0.0170346
0.0173681
0.017708
0.0180494
0.0183882
0.0187198
0.0190388
0.0193388
0.0196118
0.0198481
0.0200349
0.0201565
0.0201923
0.0201163
0.0198958
0.0194925
0.0188524
0.0179842
0.0166429
0.0261089
0.0231041
0.0191447
0.0170038
0.0156906
0.0149827
0.0145823
0.0143909
0.0143351
0.0143768
0.0144897
0.0146565
0.0148648
0.0151056
0.0153722
0.0156592
0.0159621
0.0162772
0.0165982
0.0169202
0.0172391
0.0175502
0.0178481
0.0181263
0.0183766
0.0185889
0.0187503
0.0188445
0.0188504
0.0187417
0.0184845
0.0180428
0.0173558
0.016456
0.0150512
0.0269488
0.0235134
0.0189465
0.0164801
0.014992
0.0141981
0.0137439
0.0135162
0.0134317
0.0134492
0.0135401
0.0136861
0.0138743
0.0140954
0.0143426
0.0146105
0.0148946
0.0151911
0.0154934
0.0157966
0.0160967
0.0163891
0.0166685
0.0169285
0.017161
0.017356
0.0175008
0.017579
0.0175699
0.0174469
0.0171752
0.0167204
0.0160065
0.0150865
0.0135799
0.0278437
0.0240212
0.0188265
0.0160247
0.0143549
0.0134723
0.0129619
0.0126957
0.0125806
0.0125721
0.0126395
0.0127635
0.0129307
0.0131316
0.0133591
0.0136078
0.0138733
0.0141518
0.0144363
0.0147223
0.0150058
0.0152824
0.0155471
0.0157936
0.0160144
0.0161999
0.0163376
0.0164117
0.0164016
0.016281
0.0160125
0.0155631
0.0148304
0.0138888
0.0122131
0.0287072
0.0246077
0.0187886
0.036208
0.0354582
0.0694826
0.0691815
0.0810877
0.0903784
0.0971213
0.10207
0.10563
0.108067
0.109559
0.110245
0.110119
0.108995
0.10657
0.102779
0.097983
0.0923782
0.086181
0.0796154
0.0729241
0.0663595
0.0601623
0.0545651
0.049799
0.0459983
0.0430919
0.0407772
0.0389318
0.0375665
0.0368949
0.0374174
0.0399779
0.0452312
0.0482529
0.0419397
0.0134113
0.0664171
0.0703579
0.0819365
0.0910614
0.0977359
0.10269
0.106306
0.108837
0.110454
0.111294
0.111352
0.110439
0.10824
0.10465
0.0999905
0.0944323
0.0881787
0.0814492
0.0744913
0.0675718
0.0609513
0.0548809
0.0496233
0.0454001
0.0421822
0.0396017
0.0374331
0.035533
0.0339151
0.0328195
0.0328828
0.0353343
0.0387266
0.0363453
0.0106056
0.0633281
0.0712392
0.0827111
0.0917264
0.0983405
0.103297
0.106972
0.109614
0.11139
0.11243
0.112735
0.112119
0.110257
0.106998
0.102606
0.0972161
0.0910112
0.0841992
0.0770268
0.0697729
0.0627201
0.056148
0.0503661
0.0457023
0.0421888
0.0394098
0.0370652
0.0349082
0.0328184
0.0308203
0.0291948
0.0287336
0.0290891
0.0269702
0.00991982
0.0598178
0.0720933
0.0830834
0.0918213
0.0983249
0.103295
0.107082
0.109913
0.111942
0.113293
0.113969
0.113798
0.112443
0.109697
0.105753
0.100701
0.0946967
0.0879279
0.0806316
0.0730917
0.0656114
0.0585045
0.0521413
0.0469712
0.0431046
0.0400966
0.0375949
0.0352833
0.0329548
0.030491
0.0279291
0.0257065
0.0239281
0.0222705
0.0147301
0.0425393
0.0918967
0.118572
0.139179
0.156343
0.170819
0.182498
0.190968
0.195664
0.195973
0.190363
0.175899
0.148924
0.109173
0.0648846
0.0300097
0.0149937
0.0112355
0.0103443
0.0103762
0.0110651
0.012422
0.0144913
0.0169742
0.0191757
0.0207557
0.021691
0.0222782
0.0230693
0.0249528
0.0285153
0.0330514
0.0359402
0.0394927
0.0761429
0.0429418
0.0872822
0.114252
0.135545
0.153767
0.16941
0.182202
0.191623
0.197032
0.197792
0.192349
0.17766
0.149854
0.108638
0.06318
0.0288166
0.014884
0.0113601
0.010413
0.0103435
0.0109156
0.0121439
0.0140874
0.0165124
0.0187816
0.0204979
0.0215565
0.0222007
0.023013
0.0250294
0.0290699
0.0344278
0.0382556
0.0425967
0.0764859
0.0437415
0.0916975
0.119864
0.141903
0.160613
0.176534
0.189393
0.198646
0.203615
0.203604
0.196959
0.180539
0.150478
0.106858
0.0602585
0.0272328
0.0147346
0.0114816
0.0104918
0.0103339
0.0108046
0.0119214
0.0137506
0.0161127
0.0184353
0.0202883
0.0215031
0.0222685
0.0231777
0.0253797
0.0299048
0.0360736
0.0405677
0.0448717
0.0772724
0.0439569
0.0943472
0.123776
0.14681
0.166382
0.183023
0.196409
0.205926
0.210817
0.210299
0.202559
0.184242
0.15141
0.104798
0.0569881
0.0256753
0.0146225
0.0116124
0.0105832
0.0103429
0.0107161
0.0117224
0.0134285
0.0156984
0.0180339
0.0199955
0.0213671
0.0222804
0.0233244
0.0257389
0.0307695
0.0378094
0.0430288
0.0472141
0.0778061
0.0442455
0.0979492
0.129
0.153362
0.17409
0.191691
0.20577
0.215623
0.22039
0.219178
0.209973
0.189161
0.152757
0.102492
0.0535733
0.0243275
0.0146147
0.0117898
0.0107139
0.0103921
0.0106701
0.0115693
0.0131534
0.0153178
0.0176396
0.0196852
0.0212069
0.0222796
0.0234798
0.0261239
0.0316823
0.0396686
0.0457183
0.0498046
0.0781665
0.0445168
0.101384
0.134108
0.159907
0.181943
0.200679
0.215622
0.225952
0.230679
0.228762
0.217937
0.194258
0.153706
0.0994508
0.0499759
0.0232203
0.014713
0.0120204
0.010892
0.01049
0.0106754
0.0114719
0.0129395
0.0149934
0.0172822
0.0193891
0.0210506
0.0222884
0.0236603
0.0265475
0.0326557
0.0416715
0.0486859
0.0527171
0.0783235
0.0448486
0.105163
0.139702
0.167085
0.19057
0.210562
0.226456
0.237292
0.241917
0.239115
0.226315
0.199175
0.153717
0.0952812
0.0462331
0.0223768
0.0149196
0.0123136
0.0111285
0.0106486
0.0107447
0.0114444
0.0128053
0.0147507
0.0169935
0.019141
0.0209293
0.0223344
0.023892
0.0270367
0.0337141
0.0438412
0.0519788
0.0560272
0.0782665
0.0451489
0.1089
0.145298
0.174344
0.199374
0.22072
0.237641
0.249006
0.253464
0.249576
0.234391
0.203093
0.151892
0.0895288
0.0424398
0.0218008
0.015229
0.012675
0.0114323
0.0108788
0.0108916
0.0115029
0.0127706
0.0146165
0.0168068
0.0189773
0.020878
0.0224512
0.0242115
0.0276344
0.0348998
0.0462099
0.0556524
0.0598408
0.077988
0.0454437
0.112737
0.150934
0.181626
0.208205
0.230914
0.248851
0.260671
0.264771
0.259426
0.241218
0.204814
0.146953
0.0818432
0.0387811
0.0214834
0.0156338
0.0131095
0.0118125
0.0111928
0.0111315
0.0116665
0.012859
0.0146218
0.0167604
0.0189411
0.0209393
0.0226818
0.0246685
0.0284055
0.036255
0.0488241
0.0598044
0.0643184
0.0775131
0.0474132
0.116614
0.156388
0.18845
0.216396
0.240368
0.259232
0.271333
0.274704
0.267244
0.244998
0.202259
0.137141
0.0722777
0.035519
0.0213972
0.0161231
0.0136205
0.0122782
0.0116036
0.0114824
0.0119584
0.0130979
0.0147971
0.0168874
0.0190768
0.0211632
0.0230723
0.0252913
0.0293568
0.0378585
0.0518408
0.0646242
0.069668
0.0769826
0.0487885
0.117974
0.159665
0.193573
0.223163
0.248533
0.268248
0.280203
0.281936
0.270893
0.242696
0.192129
0.120762
0.0617149
0.0329083
0.021493
0.0166818
0.0142096
0.0128389
0.0121262
0.0119526
0.0123833
0.013495
0.0151725
0.017252
0.0194628
0.0216322
0.0236974
0.0261505
0.0305778
0.0398165
0.0554047
0.0703184
0.0761543
0.076499
0.0490752
0.11702
0.159775
0.195454
0.227024
0.253982
0.274273
0.284995
0.283045
0.265486
0.228305
0.169493
0.097851
0.0519059
0.0310593
0.0218012
0.0172841
0.0148531
0.0134756
0.0127414
0.0125434
0.0129636
0.014092
0.0158005
0.0179156
0.0201741
0.02243
0.0246442
0.0273362
0.0321702
0.0422621
0.0597088
0.0771717
0.0841336
0.0761802
0.048776
0.115001
0.158686
0.19612
0.22983
0.258179
0.277386
0.283205
0.272604
0.242829
0.19366
0.131481
0.0759628
0.0443948
0.0291207
0.0216288
0.017692
0.015467
0.0141646
0.0134571
0.013275
0.0137328
0.0149385
0.0167489
0.0189625
0.0213076
0.023661
0.0260202
0.0289596
0.0342585
0.0453578
0.0649991
0.0855684
0.0940771
0.0761251
0.0477373
0.112629
0.157715
0.197525
0.233474
0.260845
0.271538
0.261427
0.233353
0.192008
0.142231
0.0930115
0.0565436
0.0367243
0.0265113
0.0210526
0.0179442
0.0160694
0.0149238
0.0142966
0.0141805
0.014741
0.0161077
0.018117
0.0205111
0.022992
0.0254572
0.0279566
0.0311514
0.0369816
0.0492742
0.0715484
0.0959817
0.106536
0.0763234
0.048222
0.114708
0.163918
0.208246
0.242805
0.254571
0.240602
0.20801
0.167812
0.126964
0.0898129
0.060262
0.040674
0.0299392
0.0239642
0.0204337
0.0182051
0.0167436
0.0158083
0.0153101
0.0153193
0.0160706
0.0177139
0.020058
0.0227353
0.0254052
0.0279882
0.0306097
0.0340529
0.0404604
0.0541105
0.0795157
0.108781
0.121736
0.0765015
0.050472
0.122982
0.179021
0.224165
0.236024
0.211248
0.168675
0.126384
0.0927878
0.0677444
0.0497674
0.0374939
0.0297223
0.0251827
0.022264
0.0202124
0.0187058
0.0176216
0.0169119
0.0165805
0.0167836
0.0178445
0.0199212
0.0227919
0.0258708
0.0287717
0.0314499
0.0341442
0.0377908
0.0447564
0.0598102
0.0888533
0.12418
0.138466
0.0747946
0.0544858
0.136586
0.200101
0.227626
0.203873
0.159093
0.117158
0.0857509
0.0643912
0.049754
0.0396274
0.0326381
0.0278987
0.0247903
0.0225331
0.0208026
0.0194823
0.0185417
0.0179605
0.0177569
0.0181452
0.0195241
0.0220499
0.0255035
0.0290108
0.0321817
0.0349881
0.0377524
0.0414389
0.0483752
0.0634267
0.0946762
0.138476
0.156533
0.0710472
0.0588634
0.150241
0.202821
0.18226
0.139273
0.102375
0.0763441
0.059159
0.0480147
0.0403996
0.0349508
0.0308642
0.0276807
0.0252623
0.0233186
0.021762
0.0205784
0.0197703
0.0193101
0.0192177
0.0197698
0.0214351
0.0243475
0.0283235
0.0321776
0.0355923
0.0385178
0.0412799
0.0446334
0.0503685
0.0623607
0.0897013
0.139801
0.170031
0.0715734
0.0666385
0.20597
0.171571
0.120517
0.0863815
0.065642
0.0530543
0.045199
0.0400859
0.0363953
0.0334402
0.0308096
0.0283501
0.0262453
0.0244768
0.0230681
0.0220356
0.0213743
0.0210279
0.0210148
0.0216763
0.0235379
0.0266773
0.0309777
0.035048
0.0386951
0.0418214
0.044672
0.0476402
0.0517178
0.0592139
0.0771175
0.126606
0.232233
0.071082
0.0376251
0.0596335
0.0551123
0.0509662
0.0471562
0.0440224
0.0414951
0.0393866
0.037535
0.035726
0.0338115
0.0317024
0.0294926
0.0275524
0.0259633
0.0247563
0.0239233
0.0234255
0.0231731
0.0231873
0.0238653
0.0257623
0.0288274
0.0328371
0.0369482
0.0408139
0.044289
0.0474654
0.0503232
0.0529089
0.0553149
0.0574941
0.0579015
0.0522937
0.0423442
0.0220023
0.0222136
0.0224353
0.0226556
0.022875
0.0230919
0.0233057
0.0235157
0.0237217
0.0239235
0.024121
0.0243145
0.0245043
0.0246912
0.024876
0.0250599
0.0252444
0.0254314
0.0256231
0.0258221
0.0260286
0.0262452
0.0264751
0.0267216
0.0269885
0.0272802
0.0276015
0.0279579
0.0283557
0.0288025
0.0293071
0.0298808
0.0305376
0.0312952
0.032176
0.029502
0.0296677
0.0298639
0.0300612
0.0302733
0.030501
0.0307463
0.0310105
0.0312945
0.0315995
0.0319263
0.0322761
0.0326498
0.0330484
0.0334733
0.0339254
0.0344063
0.0349173
0.0354604
0.0360371
0.0366509
0.0373044
0.0380005
0.0387425
0.039534
0.040379
0.0412819
0.0422473
0.0432799
0.0394486
0.0375904
0.0357948
0.034058
0.0323719
0.0307194
0.029087
0.0274164
0.0256712
0.0678407
0.0694614
0.0705213
0.0710543
0.071182
0.0709678
0.070454
0.0696578
0.0685891
0.0672584
0.0656822
0.0638851
0.0618993
0.0597622
0.0575137
0.0551931
0.052837
0.0504779
0.0481431
0.0458547
0.0436299
0.041481
0.0394152
0.0374343
0.0355323
0.0336952
0.0318929
0.0301022
0.0282347
0.026262
0.0682047
0.0701122
0.0714848
0.072336
0.0727835
0.0728835
0.0726715
0.0721565
0.0713398
0.0702226
0.068813
0.0671297
0.0652016
0.0630665
0.060768
0.0583524
0.0558651
0.0533481
0.0508386
0.0483676
0.0459596
0.0436323
0.0413959
0.039253
0.0371948
0.0352029
0.0332343
0.0312608
0.0291714
0.0269499
0.067915
0.0700271
0.0716318
0.0727359
0.0734524
0.0738311
0.0739015
0.0736657
0.0731167
0.0722468
0.0710553
0.0695523
0.0677607
0.0657148
0.0634581
0.0610396
0.0585101
0.0559188
0.0533107
0.0507241
0.04819
0.0457308
0.0433596
0.0410798
0.0388815
0.036745
0.0346191
0.0324761
0.0301915
0.0277412
0.066932
0.0691669
0.0709216
0.0722082
0.0731338
0.0737435
0.0740615
0.0740845
0.073799
0.0731892
0.0722454
0.0709687
0.0693735
0.0674876
0.0653507
0.0630104
0.0605194
0.0579308
0.0552945
0.052655
0.0500486
0.0475023
0.045033
0.0426471
0.0403375
0.0380904
0.0358559
0.0336119
0.0312291
0.0286143
0.0651799
0.0674492
0.069263
0.0706489
0.0717078
0.0724812
0.0729893
0.0732256
0.0731722
0.0728077
0.0721149
0.071086
0.0697264
0.068055
0.0661042
0.0639165
0.061542
0.0590333
0.0564423
0.0538165
0.0511964
0.0486133
0.0460891
0.043637
0.0412591
0.0389564
0.0366955
0.0344661
0.0321485
0.0294767
0.062549
0.0647578
0.0665304
0.0679198
0.06902
0.0698699
0.0704872
0.0708643
0.0709821
0.0708165
0.0703458
0.0695555
0.0684427
0.067017
0.0653013
0.06333
0.0611459
0.0587971
0.0563325
0.0537989
0.0512377
0.0486836
0.0461639
0.0437007
0.0413114
0.039021
0.0368307
0.0347555
0.0327184
0.0301532
0.0588987
0.0609346
0.0625462
0.0638232
0.0648518
0.0656679
0.066287
0.0667027
0.0668972
0.0668479
0.0665323
0.0659334
0.0650427
0.0638625
0.0624064
0.0606987
0.0587726
0.0566668
0.0544229
0.0520818
0.0496815
0.0472557
0.0448346
0.0424478
0.0401297
0.0379315
0.0359078
0.0341245
0.0326183
0.0304249
0.0542577
0.055897
0.0571265
0.058088
0.0588566
0.0594605
0.0599106
0.0602007
0.060316
0.0602376
0.0599469
0.0594284
0.0586729
0.0576793
0.0564549
0.0550154
0.0533839
0.0515883
0.0496595
0.0476288
0.045526
0.0433788
0.0412147
0.0390641
0.0369698
0.0350005
0.033258
0.0318992
0.0311537
0.0299325
0.0517152
0.0521656
0.052213
0.0521316
0.0520021
0.0518311
0.0516154
0.0513426
0.0509961
0.0505581
0.0500111
0.0493406
0.0485361
0.0475922
0.046509
0.0452923
0.0439527
0.0425043
0.0409636
0.0393478
0.0376738
0.0359579
0.0342176
0.0324755
0.0307685
0.0291651
0.0277825
0.0268853
0.026975
0.0279051
0.065392
0.0640738
0.0618805
0.0592897
0.0565025
0.0536622
0.0508429
0.0480895
0.0454254
0.0428619
0.0404023
0.0380455
0.0357875
0.0336239
0.0315504
0.0295637
0.0276612
0.0258415
0.0241034
0.0224458
0.0208672
0.0193663
0.0179429
0.0165981
0.015348
0.0142026
0.0132854
0.0126549
0.0130057
0.0156924
0.0156667
0.0138173
0.0128473
0.0122804
0.0119754
0.0118292
0.0117944
0.0118381
0.0119403
0.012087
0.0122683
0.0124771
0.0127078
0.0129561
0.0132182
0.0134869
0.0137582
0.0140282
0.0142929
0.0145475
0.0147861
0.0150016
0.0151848
0.015324
0.0154038
0.0154037
0.0152975
0.0150441
0.0146123
0.0138618
0.0129003
0.0109611
0.0294466
0.025236
0.0188165
0.015424
0.0134121
0.0123637
0.0117452
0.0114047
0.0112301
0.0111714
0.0111938
0.0112765
0.0114051
0.0115694
0.011762
0.0119772
0.0122107
0.0124586
0.0127143
0.0129739
0.0132338
0.0134902
0.0137387
0.0139736
0.0141884
0.0143741
0.0145197
0.0146099
0.0146245
0.0145372
0.0143029
0.0138939
0.0131255
0.0121641
0.00987732
0.0298302
0.0259081
0.0189205
0.0153415
0.0131949
0.0120816
0.0114193
0.0110491
0.0108511
0.0107732
0.010779
0.010847
0.0109621
0.011114
0.011295
0.0114993
0.0117222
0.0119599
0.0122065
0.0124585
0.0127125
0.0129648
0.0132111
0.0134462
0.0136634
0.0138543
0.0140077
0.0141087
0.0141365
0.0140645
0.0138434
0.0134509
0.0126584
0.0117363
0.00893419
0.0298437
0.0261675
0.0189819
0.0153669
0.0131595
0.0120163
0.0113314
0.0109464
0.0107369
0.0106499
0.0106481
0.0107096
0.0108191
0.010966
0.0111425
0.0113425
0.0115611
0.0117942
0.0120368
0.0122857
0.0125375
0.0127884
0.0130343
0.0132701
0.0134892
0.0136831
0.0138408
0.0139469
0.0139799
0.0139123
0.013689
0.0132895
0.0124412
0.0114956
0.0082242
0.0332195
0.0336316
0.034074
0.0344903
0.0348813
0.035238
0.0355518
0.0358119
0.0360047
0.0361136
0.0361192
0.0359993
0.0357304
0.0352899
0.0346595
0.0338308
0.0328119
0.0316347
0.0303605
0.0290792
0.0279058
0.0269209
0.0261772
0.0252973
0.0242312
0.0236296
0.0248285
0.0292904
0.0378192
0.0473723
0.0525766
0.0547361
0.057037
0.0594244
0.0618784
0.0643913
0.0669339
0.0694733
0.0719647
0.0743533
0.0765726
0.0785445
0.0801818
0.0813923
0.0820889
0.0822037
0.08171
0.0806481
0.0791517
0.077466
0.0759227
0.0748726
0.074254
0.0726644
0.0693943
0.0643982
0.058957
0.0549965
0.0535538
0.0565322
0.0508668
0.0538267
0.057083
0.0605815
0.0643003
0.0682292
0.0723384
0.0765878
0.0809197
0.0852584
0.0895061
0.0935431
0.0972276
0.100402
0.102902
0.104579
0.105322
0.105096
0.103965
0.102107
0.0997605
0.0971011
0.0938595
0.0892786
0.0829232
0.0754093
0.0681776
0.0626367
0.0591851
0.0594487
0.0383004
0.0413358
0.0447728
0.0486092
0.0528477
0.0575012
0.0625668
0.0680277
0.0738445
0.0799499
0.0862418
0.092577
0.0987676
0.104582
0.109752
0.113991
0.117023
0.118616
0.118615
0.116953
0.11361
0.108557
0.101634
0.093649
0.0847564
0.0758804
0.0680091
0.0617052
0.0566723
0.0537907
0.0228728
0.0250446
0.0275842
0.0305331
0.0339335
0.037835
0.0422817
0.0473098
0.0529387
0.0591616
0.065933
0.0731544
0.0806594
0.0882009
0.0954457
0.10198
0.10733
0.111004
0.11255
0.111621
0.108055
0.101985
0.0939162
0.0851484
0.0763556
0.0680806
0.0607196
0.054346
0.0485334
0.0439265
0.0134804
0.0145486
0.0158623
0.0174628
0.0193996
0.0217291
0.024513
0.0278157
0.0317005
0.0362214
0.0414118
0.047268
0.0537278
0.0606452
0.0677662
0.0747129
0.0809862
0.0860013
0.0891655
0.0899991
0.0882828
0.0841895
0.0782999
0.0711144
0.0640752
0.0573079
0.0510163
0.0452435
0.0398013
0.0353585
0.0100177
0.0102872
0.010698
0.011275
0.0120518
0.0130668
0.014365
0.0159976
0.0180217
0.0204981
0.023486
0.0270342
0.0311662
0.0358591
0.0410164
0.0464399
0.05181
0.0566897
0.0605715
0.0629729
0.0635679
0.0623033
0.0594303
0.0553613
0.0505847
0.0457331
0.0409969
0.0365097
0.0322892
0.0289174
0.0100101
0.00977233
0.00961968
0.00956591
0.00963167
0.00983974
0.0102159
0.0107897
0.0115949
0.0126695
0.0140557
0.0157969
0.0179329
0.0204902
0.0234673
0.026814
0.0304089
0.0340422
0.0374182
0.0401905
0.0420349
0.0427402
0.0422769
0.0408021
0.0382545
0.0353176
0.0322557
0.0292495
0.0264076
0.0241635
0.0118136
0.0112236
0.0106863
0.0102136
0.00982163
0.00952751
0.00934903
0.00930469
0.00941385
0.00969713
0.0101767
0.0108762
0.0118204
0.0130326
0.01453
0.0163156
0.0183653
0.0206131
0.022938
0.0251618
0.0270682
0.0284453
0.0291426
0.0291179
0.0284349
0.0270329
0.0253903
0.0236643
0.0219862
0.0206595
0.0146434
0.0137912
0.0129597
0.0121654
0.0114235
0.0107527
0.0101714
0.00969731
0.0093474
0.00913705
0.0090801
0.00918877
0.00947386
0.00994481
0.0106094
0.011472
0.0125304
0.0137691
0.0151513
0.0166096
0.018043
0.0193247
0.0203263
0.0209523
0.0211705
0.0209084
0.0202901
0.0195223
0.018723
0.0180958
0.0181653
0.017133
0.0160811
0.0150316
0.0139988
0.0130052
0.0120732
0.0112256
0.0104843
0.00986929
0.00939738
0.0090813
0.00892907
0.00894383
0.00912417
0.00946476
0.00995699
0.0105888
0.0113433
0.012195
0.0131059
0.0140226
0.0148791
0.0156078
0.0161576
0.0165088
0.016556
0.0164624
0.0163093
0.0162177
0.0224206
0.021304
0.0201187
0.0188884
0.0176232
0.0163473
0.0150867
0.0138699
0.0127271
0.011688
0.0107805
0.0100283
0.00944903
0.00905268
0.00884048
0.0088051
0.00893176
0.00920047
0.00958849
0.0100724
0.0106287
0.0112329
0.0118582
0.0124754
0.0130563
0.0135803
0.0140223
0.0143341
0.0145927
0.0148485
0.0273559
0.0263014
0.0251264
0.0238489
0.022468
0.0210049
0.0194836
0.0179347
0.0163937
0.0148999
0.0134949
0.0122198
0.011112
0.0102017
0.00950886
0.00904026
0.00878894
0.00873516
0.00884973
0.00909882
0.00944911
0.0098716
0.0103433
0.0108465
0.0113672
0.0118939
0.0124177
0.0128874
0.0133253
0.0137305
0.0327317
0.0319583
0.0310231
0.0299296
0.0286567
0.0272147
0.0256163
0.0238838
0.0220478
0.0201484
0.0182345
0.016362
0.014591
0.0129817
0.0115885
0.0104539
0.00960266
0.00903863
0.00874391
0.00868264
0.00880809
0.00907141
0.00942935
0.00984875
0.0103069
0.010789
0.0112842
0.0117816
0.012238
0.0126468
0.0371534
0.0368616
0.0364069
0.0357719
0.0349099
0.0338147
0.0324792
0.0309054
0.0291041
0.027098
0.0249233
0.022631
0.020287
0.0179697
0.0157658
0.0137629
0.0120395
0.0106543
0.00963746
0.00898556
0.00866332
0.00861233
0.00876421
0.00905404
0.00942964
0.00985438
0.0103041
0.0107613
0.0111836
0.0115528
0.0398102
0.0400614
0.0401973
0.0401758
0.0399287
0.0394362
0.0386722
0.0376164
0.0362533
0.0345762
0.0325904
0.030317
0.0277969
0.0250932
0.0222921
0.0195006
0.0168389
0.0144285
0.0123763
0.0107575
0.00960255
0.00889266
0.00856665
0.00853793
0.00871522
0.00901967
0.00939293
0.00979572
0.0101882
0.0105271
0.0407321
0.0414742
0.042181
0.0427846
0.043204
0.0434134
0.0433764
0.043058
0.0424228
0.0414379
0.0400761
0.0383197
0.036166
0.0336328
0.0307647
0.027638
0.0243621
0.0210769
0.0179415
0.0151167
0.0127398
0.0109008
0.00962494
0.0088712
0.00854755
0.00853797
0.00873035
0.00903496
0.00938947
0.00971567
0.0402111
0.0413322
0.0425085
0.0436489
0.0446669
0.0455382
0.046225
0.0466884
0.046885
0.0467687
0.0462923
0.0454102
0.0440823
0.0422792
0.039989
0.0372251
0.0340344
0.0305048
0.0267676
0.0229949
0.019385
0.0161383
0.0134241
0.0113481
0.0099332
0.00912015
0.00879168
0.00880764
0.00904143
0.00935623
0.0386214
0.0399939
0.0415073
0.0430516
0.0445388
0.0459506
0.0472538
0.0484131
0.049387
0.0501282
0.0505849
0.0507011
0.0504188
0.0496817
0.0484389
0.0466516
0.0443001
0.0413928
0.037976
0.0341421
0.0300342
0.0258439
0.0217971
0.0181275
0.0150397
0.0126729
0.0110775
0.0102137
0.0099825
0.0102042
0.0363154
0.0378206
0.0395403
0.04135
0.0431621
0.0449655
0.0467344
0.0484405
0.0500492
0.0515195
0.0528038
0.0538486
0.054595
0.0549804
0.0549409
0.0544151
0.0533479
0.0516974
0.0494411
0.0465843
0.0431688
0.0392805
0.0350551
0.0306794
0.0263839
0.0224281
0.019077
0.0165707
0.0151106
0.0148429
0.0335717
0.0351105
0.0369238
0.0388756
0.0408801
0.042933
0.0450161
0.0471092
0.0491861
0.0512142
0.0531546
0.0549617
0.0565839
0.0579642
0.0590416
0.0597535
0.0600378
0.0598372
0.0591025
0.0577979
0.0559063
0.0534347
0.0504203
0.0469367
0.0431007
0.039083
0.0351238
0.0315493
0.0288007
0.0275993
0.0305841
0.0320748
0.0338891
0.0358805
0.0379654
0.0401447
0.042408
0.044742
0.0471292
0.0495452
0.0519606
0.0543392
0.0566392
0.0588134
0.0608101
0.062575
0.0640526
0.0651886
0.0659327
0.0662413
0.0660802
0.065428
0.0642787
0.062645
0.0605627
0.0580997
0.0553759
0.0525968
0.0501237
0.0487852
0.0274764
0.0288654
0.0306126
0.0325636
0.0346399
0.0368451
0.0391768
0.0416271
0.0441865
0.0468384
0.0495621
0.0523307
0.055112
0.0578691
0.0605611
0.0631443
0.0655739
0.067806
0.0697992
0.0715166
0.0729279
0.0740104
0.0747508
0.0751461
0.0752048
0.0749511
0.0744375
0.0737678
0.0731538
0.0730818
0.0242983
0.02556
0.0271902
0.029046
0.0310479
0.0332024
0.0355136
0.037978
0.0405934
0.0433497
0.0462341
0.0492276
0.0523071
0.0554446
0.0586085
0.0617649
0.0648791
0.0679173
0.0708481
0.0736447
0.076286
0.0787577
0.0810531
0.0831734
0.0851277
0.086935
0.0886301
0.0902782
0.0920118
0.0941573
0.0214975
0.0226489
0.0241316
0.0258654
0.0277531
0.029807
0.0320341
0.0344345
0.0370117
0.0397611
0.0426767
0.0457465
0.0489547
0.0522809
0.0557013
0.0591898
0.0627196
0.066265
0.0698031
0.0733157
0.0767907
0.0802231
0.0836163
0.086982
0.0903412
0.0937253
0.0971814
0.100783
0.10466
0.109089
0.019182
0.0202412
0.0215725
0.0231798
0.0249398
0.0268713
0.0289821
0.0312744
0.0337567
0.0364288
0.0392909
0.0423369
0.0455578
0.0489396
0.0524654
0.0561156
0.0598701
0.0637096
0.0676177
0.0715831
0.0756007
0.0796735
0.0838135
0.0880431
0.0923956
0.0969182
0.101677
0.106769
0.112348
0.118695
0.0172429
0.0182182
0.0194057
0.0208913
0.0225237
0.0243264
0.0263067
0.0284677
0.0308224
0.0333738
0.0361278
0.0390838
0.042239
0.0455859
0.0491138
0.0528095
0.0566586
0.0606475
0.0647654
0.0690061
0.0733703
0.0778668
0.0825146
0.0873442
0.0923994
0.0977411
0.103453
0.109657
0.116533
0.124382
0.0155463
0.0164412
0.0174962
0.0188689
0.0203809
0.0220556
0.0239003
0.0259169
0.0281223
0.0305221
0.0331274
0.0359425
0.0389708
0.0422111
0.0456593
0.0493084
0.0531503
0.0571768
0.0613823
0.0657654
0.0703309
0.0750926
0.0800742
0.0853122
0.0908583
0.0967836
0.103187
0.110207
0.118051
0.12704
0.0139514
0.0147712
0.0157045
0.0169777
0.018382
0.0199348
0.0216452
0.023511
0.0255532
0.0277786
0.0302028
0.0328345
0.0356831
0.0387535
0.0420484
0.0455678
0.0493099
0.0532728
0.0574561
0.0618627
0.0665016
0.0713897
0.0765541
0.0820351
0.0878887
0.0941923
0.101053
0.108624
0.117129
0.126906
0.0123928
0.0131502
0.0139708
0.0151633
0.0164779
0.0179213
0.0195074
0.0212257
0.0231026
0.025143
0.0273669
0.0297855
0.0324133
0.0352607
0.0383369
0.0416488
0.0452019
0.0490009
0.0530514
0.0573615
0.0619441
0.0668189
0.0720153
0.0775752
0.0835563
0.0900381
0.0971304
0.10499
0.11385
0.124054
0.0108222
0.0115319
0.0122426
0.0133714
0.0146143
0.015961
0.0174378
0.0190194
0.0207399
0.0225988
0.0246192
0.0268122
0.0291954
0.0317826
0.0345882
0.0376251
0.0409057
0.044442
0.0482462
0.0523328
0.0567194
0.0614296
0.0664951
0.0719586
0.077878
0.0843314
0.0914261
0.0993147
0.108223
0.118489
0.00921708
0.00987455
0.0104661
0.0115382
0.0127182
0.0139724
0.0153557
0.0168153
0.0184001
0.0200975
0.0219334
0.0239146
0.0260586
0.0283788
0.0308911
0.0336113
0.036556
0.0397427
0.0431902
0.0469193
0.050954
0.0553232
0.0600625
0.0652174
0.0708462
0.0770253
0.0838559
0.0914796
0.100101
0.110026
0.00755142
0.00816529
0.00859752
0.00959109
0.010708
0.0118506
0.0131506
0.0144971
0.0159718
0.0175383
0.0192283
0.0210392
0.0229859
0.0250762
0.0273221
0.029736
0.0323324
0.0351282
0.038143
0.0413998
0.0449263
0.0487552
0.0529269
0.057491
0.0625089
0.0680575
0.0742336
0.0811636
0.0890191
0.0980435
0.0058711
0.00645224
0.00653262
0.00742995
0.0084606
0.00943449
0.010658
0.0118813
0.0132762
0.0147524
0.0163653
0.0180957
0.0199593
0.0219551
0.0240883
0.0263607
0.0287752
0.0313352
0.034046
0.0369158
0.0399568
0.0431874
0.0466335
0.0503316
0.0543305
0.0586932
0.0634975
0.0688391
0.0748318
0.0816045
0.00229234
0.00221585
0.00219776
0.00250016
0.00280131
0.00316766
0.00360082
0.00410703
0.00471172
0.00543197
0.00629321
0.00732015
0.0085386
0.00997375
0.011649
0.0135855
0.0158008
0.0183088
0.0211184
0.0242334
0.0276513
0.0313628
0.0353502
0.0395855
0.0440263
0.0486091
0.0532398
0.0577761
0.0620243
0.0658181
0.0540788
0.0432349
0.0379461
0.033579
0.0301386
0.0273111
0.0249599
0.0229841
0.0213212
0.0199346
0.0188055
0.0179043
0.0172158
0.0167267
0.0164233
0.0162894
0.0163066
0.0164544
0.0167114
0.0170559
0.017467
0.0179252
0.0184128
0.0189141
0.0194159
0.0199074
0.0203799
0.0208279
0.0212476
0.021637
0.0353997
0.0342426
0.0329696
0.03225
0.0315317
0.030842
0.0301552
0.0294665
0.0287704
0.0280621
0.027345
0.0266662
0.0260435
0.0254969
0.0250452
0.024703
0.0244795
0.0243769
0.0243915
0.0245149
0.0247357
0.0250404
0.0254155
0.0258477
0.0263245
0.0268343
0.0273665
0.0279112
0.0284583
0.0289923
0.0395959
0.0375564
0.0363382
0.0358454
0.0352561
0.0346223
0.0339235
0.0331724
0.0323816
0.0315769
0.0308005
0.0300753
0.0294193
0.0288466
0.0283671
0.0279862
0.0277046
0.0275189
0.0274224
0.0274058
0.0274583
0.0275687
0.027726
0.0279201
0.028142
0.0283841
0.0286399
0.0289042
0.0291706
0.029426
0.0418454
0.0403483
0.0392831
0.0387485
0.0380055
0.0371533
0.0361794
0.0351132
0.0340045
0.0329067
0.0318562
0.0308815
0.0300015
0.0292269
0.0285604
0.0279988
0.0275338
0.0271542
0.0268468
0.0265979
0.0263941
0.0262232
0.0260742
0.0259379
0.0258066
0.0256746
0.0255374
0.0253921
0.0252348
0.0250611
0.0409077
0.0407219
0.0400853
0.0394826
0.0385006
0.0373195
0.0359685
0.0345361
0.0330889
0.0316811
0.0303539
0.0291342
0.0280349
0.0270573
0.0261936
0.0254302
0.0247497
0.0241336
0.0235633
0.0230211
0.0224911
0.0219595
0.0214144
0.0208463
0.0202473
0.0196116
0.0189349
0.0182146
0.0174483
0.0166381
0.0384383
0.0392869
0.0390476
0.0383613
0.0371402
0.0356414
0.0339876
0.0322792
0.0305874
0.0289685
0.0274592
0.0260783
0.0248289
0.023703
0.0226848
0.0217546
0.0208915
0.020075
0.0192866
0.0185104
0.0177337
0.0169466
0.0161423
0.0153168
0.0144688
0.013599
0.0127105
0.0118079
0.0108971
0.00998735
0.0352458
0.036628
0.0366122
0.035808
0.0343685
0.0326337
0.0307767
0.028899
0.0270775
0.0253632
0.0237836
0.0223472
0.0210485
0.0198729
0.018801
0.0178121
0.0168864
0.0160065
0.0151585
0.0143319
0.0135202
0.0127201
0.0119318
0.0111582
0.0104048
0.00967925
0.00899072
0.00834966
0.00776748
0.00725605
0.0316778
0.0331794
0.0332156
0.0322831
0.0306872
0.0288353
0.0268941
0.0249771
0.0231575
0.0214767
0.0199513
0.0185805
0.0173521
0.016248
0.0152481
0.0143331
0.0134864
0.012695
0.0119496
0.011245
0.0105798
0.00995555
0.00937668
0.00884975
0.00838285
0.00798495
0.00766519
0.0074323
0.00729395
0.00725508
0.0279832
0.0293226
0.0292977
0.0282711
0.0266202
0.0247744
0.0228851
0.0210659
0.0193794
0.0178543
0.0164961
0.0152962
0.0142379
0.0133019
0.0124692
0.0117235
0.0110517
0.0104452
0.00989895
0.00941167
0.00898515
0.00862358
0.00833279
0.00811951
0.00799055
0.00795204
0.0080087
0.00816347
0.00841679
0.00876511
0.0243914
0.0253892
0.0252432
0.0241801
0.0226022
0.0208853
0.0191745
0.0175703
0.0161194
0.0148371
0.0137199
0.0127541
0.0119222
0.0112061
0.0105899
0.010061
0.00961081
0.00923417
0.00892951
0.00869795
0.00854264
0.00846788
0.0084783
0.00857802
0.00877
0.00905544
0.00943346
0.00990114
0.0104533
0.0110815
0.021102
0.0216265
0.0213118
0.0202693
0.0188729
0.0173892
0.0159568
0.0146535
0.013508
0.0125243
0.0116932
0.0109997
0.0104281
0.0099638
0.00959529
0.00931413
0.00911521
0.00899624
0.00895717
0.00899937
0.00912479
0.00933518
0.00963134
0.0100126
0.0104765
0.0110184
0.0116321
0.0123097
0.0130419
0.0138174
0.018411
0.0183999
0.0179126
0.0169746
0.0158383
0.0146748
0.0135923
0.0126417
0.011837
0.0111755
0.010647
0.0102391
0.00994009
0.00973986
0.00963085
0.00960782
0.00966756
0.0098083
0.0100291
0.0103289
0.0107065
0.0111592
0.0116832
0.0122733
0.0129226
0.0136237
0.0143683
0.0151483
0.0159553
0.0167805
0.0168852
0.0163806
0.0157597
0.0149866
0.0141363
0.0133103
0.0125778
0.0119668
0.0114827
0.0111213
0.0108746
0.010734
0.0106913
0.0107397
0.0108735
0.0110881
0.0113797
0.0117446
0.012179
0.0126786
0.0132382
0.0138518
0.0145128
0.0152138
0.0159477
0.0167071
0.0174854
0.0182767
0.0190744
0.0198717
0.0171828
0.01633
0.0156221
0.0149627
0.0143002
0.0137037
0.01321
0.0128318
0.0125694
0.0124181
0.0123712
0.0124215
0.0125621
0.0127864
0.0130882
0.0134618
0.0139012
0.0144006
0.0149539
0.0155546
0.0161962
0.016872
0.0175758
0.0183014
0.0190437
0.019798
0.0205608
0.0213293
0.0220996
0.0228681
0.0192271
0.0181044
0.0172853
0.0166024
0.016
0.0155037
0.015126
0.0148681
0.0147254
0.0146911
0.0147571
0.0149154
0.0151579
0.0154766
0.0158638
0.016312
0.0168137
0.0173615
0.0179484
0.0185675
0.0192123
0.0198768
0.0205556
0.0212436
0.0219366
0.0226302
0.0233209
0.0240047
0.0246753
0.0253259
0.0225713
0.0211986
0.0202197
0.0194423
0.018813
0.0183277
0.017981
0.017764
0.0176665
0.0176777
0.0177871
0.0179841
0.0182589
0.0186015
0.0190028
0.0194537
0.0199458
0.0204713
0.0210226
0.0215928
0.0221755
0.0227646
0.0233541
0.0239383
0.024511
0.0250658
0.025596
0.0260944
0.0265497
0.0269493
0.0269479
0.0253554
0.0241854
0.0232583
0.0225343
0.0219894
0.0216048
0.0213624
0.0212454
0.0212384
0.0213273
0.0214987
0.0217404
0.0220409
0.0223897
0.0227769
0.0231936
0.0236313
0.0240824
0.0245395
0.0249953
0.0254427
0.0258742
0.0262819
0.0266574
0.0269918
0.027276
0.0275014
0.0276543
0.0277199
0.0321648
0.0304287
0.0290694
0.0279564
0.0270792
0.0264091
0.0259197
0.0255858
0.0253843
0.0252947
0.0252986
0.0253796
0.0255232
0.0257163
0.0259474
0.0262059
0.0264826
0.0267686
0.0270557
0.0273358
0.0276005
0.0278413
0.0280492
0.0282148
0.0283285
0.0283806
0.0283624
0.0282661
0.0280792
0.027787
0.0379992
0.036259
0.0347687
0.0334727
0.0324065
0.0315545
0.0308944
0.0303996
0.0300438
0.029802
0.029652
0.0295743
0.0295522
0.029571
0.0296184
0.0296833
0.0297561
0.0298276
0.0298892
0.0299321
0.0299475
0.0299259
0.0298581
0.0297344
0.0295458
0.0292839
0.0289417
0.0285145
0.0279921
0.0273609
0.0441525
0.0426002
0.0411077
0.0396988
0.0384587
0.0374009
0.0365213
0.0358026
0.0352217
0.0347543
0.0343766
0.0340674
0.0338083
0.0335834
0.0333796
0.0331857
0.0329919
0.0327891
0.0325686
0.0323219
0.0320403
0.0317148
0.031337
0.0308986
0.0303923
0.0298119
0.0291532
0.0284148
0.0275894
0.0266636
0.0502732
0.0491163
0.0477991
0.0464181
0.0450913
0.0438661
0.0427647
0.0417891
0.0409295
0.0401699
0.0394916
0.0388758
0.038305
0.0377641
0.03724
0.0367221
0.0362009
0.0356681
0.0351159
0.0345368
0.0339233
0.0332681
0.0325645
0.0318064
0.0309887
0.0301076
0.0291615
0.0281516
0.0270727
0.025911
0.0559812
0.0554003
0.054439
0.0532674
0.0520059
0.0507264
0.0494745
0.0482728
0.0471304
0.0460471
0.0450174
0.0440325
0.0430821
0.0421562
0.0412452
0.0403408
0.0394358
0.0385237
0.0375987
0.0366552
0.035688
0.034692
0.0336628
0.0325964
0.0314898
0.0303407
0.029149
0.0279179
0.0266431
0.0253116
0.0609144
0.0610016
0.0605692
0.0597802
0.0587609
0.0575928
0.056333
0.0550159
0.0536647
0.0522952
0.0509191
0.0495441
0.0481749
0.0468138
0.0454612
0.0441164
0.0427782
0.0414445
0.0401136
0.0387832
0.0374511
0.0361152
0.0347734
0.0334236
0.0320638
0.0306923
0.0293082
0.0279154
0.026505
0.0250601
0.0645256
0.0652472
0.0653901
0.0650745
0.0644272
0.0635267
0.0624291
0.0611679
0.0597685
0.0582534
0.0566447
0.0549648
0.0532351
0.0514747
0.0497001
0.0479243
0.0461576
0.0444072
0.0426786
0.0409753
0.0392997
0.0376531
0.036036
0.0344476
0.0328857
0.0313464
0.0298234
0.0283141
0.0267902
0.0252215
0.0667102
0.0679436
0.0685963
0.0687389
0.068496
0.0679388
0.0671168
0.0660562
0.0647757
0.0632939
0.0616333
0.059821
0.0578875
0.0558646
0.0537833
0.0516717
0.0495542
0.0474508
0.0453777
0.0433473
0.0413688
)
;

boundaryField
{
    front
    {
        type            wedge;
    }
    back
    {
        type            wedge;
    }
    bottomwall
    {
        type            kqRWallFunction;
        value           nonuniform List<scalar> 
30
(
0.00229234
0.00221585
0.00219776
0.00250016
0.00280131
0.00316766
0.00360082
0.00410703
0.00471172
0.00543197
0.00629321
0.00732015
0.0085386
0.00997375
0.011649
0.0135855
0.0158008
0.0183088
0.0211184
0.0242334
0.0276513
0.0313628
0.0353502
0.0395855
0.0440263
0.0486091
0.0532398
0.0577761
0.0620243
0.0658181
)
;
    }
    topwall
    {
        type            kqRWallFunction;
        value           nonuniform List<scalar> 
30
(
0.065392
0.0640738
0.0618805
0.0592897
0.0565025
0.0536622
0.0508429
0.0480895
0.0454254
0.0428619
0.0404023
0.0380455
0.0357875
0.0336239
0.0315504
0.0295637
0.0276612
0.0258415
0.0241034
0.0224458
0.0208672
0.0193663
0.0179429
0.0165981
0.015348
0.0142026
0.0132854
0.0126549
0.0130057
0.0156924
)
;
    }
    reflector
    {
        type            kqRWallFunction;
        value           nonuniform List<scalar> 
95
(
0.0220023
0.0222136
0.0224353
0.0226556
0.022875
0.0230919
0.0233057
0.0235157
0.0237217
0.0239235
0.024121
0.0243145
0.0245043
0.0246912
0.024876
0.0250599
0.0252444
0.0254314
0.0256231
0.0258221
0.0260286
0.0262452
0.0264751
0.0267216
0.0269885
0.0272802
0.0276015
0.0279579
0.0283557
0.0288025
0.0293071
0.0298808
0.0305376
0.0312952
0.032176
0.0332195
0.0336316
0.034074
0.0344903
0.0348813
0.035238
0.0355518
0.0358119
0.0360047
0.0361136
0.0361192
0.0359993
0.0357304
0.0352899
0.0346595
0.0338308
0.0328119
0.0316347
0.0303605
0.0290792
0.0279058
0.0269209
0.0261772
0.0252973
0.0242312
0.0236296
0.0248285
0.0292904
0.0378192
0.0473723
0.0540788
0.0432349
0.0379461
0.033579
0.0301386
0.0273111
0.0249599
0.0229841
0.0213212
0.0199346
0.0188055
0.0179043
0.0172158
0.0167267
0.0164233
0.0162894
0.0163066
0.0164544
0.0167114
0.0170559
0.017467
0.0179252
0.0184128
0.0189141
0.0194159
0.0199074
0.0203799
0.0208279
0.0212476
0.021637
)
;
    }
    hx
    {
        type            kqRWallFunction;
        value           nonuniform List<scalar> 
276
(
0.0158049
0.0158049
0.0308776
0.0449805
0.0598405
0.0741645
0.0875131
0.0995797
0.10634
0.107932
0.105136
0.0993872
0.0917268
0.0846449
0.0766608
0.0733572
0.0709233
0.0742686
0.0870912
0.108552
0.112122
0.112156
0.110652
0.108319
0.105614
0.102714
0.0997089
0.0966627
0.0936204
0.0906147
0.0876692
0.0848007
0.0820211
0.0793381
0.0767568
0.0742799
0.0719085
0.0696421
0.0674794
0.0654182
0.0634559
0.0615891
0.0598141
0.0581271
0.0565237
0.0549992
0.0535483
0.0521651
0.0508425
0.0495717
0.0483417
0.0471373
0.0459402
0.0447152
0.0434562
0.0420573
0.0361423
0.0201326
0.0201326
0.0254332
0.0283055
0.0288043
0.03131
0.0293502
0.0331323
0.0280419
0.0344715
0.0256954
0.0355827
0.0237881
0.0365783
0.0232431
0.0375188
0.0296284
0.0384361
0.0612071
0.0394801
0.0417842
0.0406199
0.0397147
0.0387789
0.0377574
0.0365574
0.0350292
0.0328527
0.0292078
0.0193407
0.0193407
0.0375871
0.0480277
0.0497011
0.051261
0.052812
0.054372
0.0559783
0.0576516
0.059408
0.0612598
0.0632169
0.0652882
0.0674817
0.0698052
0.0722666
0.074874
0.0776356
0.0805603
0.083657
0.0869352
0.0904049
0.0940763
0.0979601
0.102067
0.106408
0.110994
0.115834
0.120937
0.126307
0.131944
0.137837
0.143956
0.150233
0.156531
0.162555
0.167638
0.170362
0.167228
0.128528
0.0967417
0.073744
0.0613653
0.0523123
0.044874
0.038909
0.033788
0.02919
0.0249556
0.0210112
0.0173325
0.0139359
0.0108333
0.00806443
0.00559306
0.00350732
0.00751073
0.00392037
0.00354357
0.00376909
0.00401603
0.00409823
0.00397018
0.00359416
0.00293596
0.00159185
0.00159185
0.0478787
0.041748
0.0390938
0.0377451
0.0377185
0.0389893
0.0414871
0.0450258
0.0494565
0.0543467
0.0574526
0.041176
0.047433
0.0518948
0.0556088
0.0585637
0.060906
0.0627109
0.0640416
0.0649486
0.0654758
0.0656406
0.0687693
0.0472581
0.0695045
0.0416357
0.070155
0.036767
0.0706253
0.0326091
0.0708812
0.028479
0.0708574
0.0256323
0.0704495
0.0272369
0.0694883
0.0337769
0.0676309
0.0452213
0.0640251
0.0603937
0.0574202
0.074193
0.0218212
0.0271341
0.0318941
0.0362213
0.0401923
0.0438692
0.0472726
0.0503803
0.0531264
0.0554012
0.057054
0.0579174
0.0578489
0.0566166
0.053415
0.0562337
0.0520706
0.0494919
0.0476076
0.0461609
0.0449536
0.043882
0.0428654
0.0418449
0.0407748
0.0396257
0.0384106
0.0372631
0.036208
0.0354582
0.0694826
0.0134113
0.0664171
0.0106056
0.0633281
0.00991982
0.0598178
0.0147301
0.0425393
0.0761429
0.0429418
0.0764859
0.0437415
0.0772724
0.0439569
0.0778061
0.0442455
0.0781665
0.0445168
0.0783235
0.0448486
0.0782665
0.0451489
0.077988
0.0454437
0.0775131
0.0474132
0.0769826
0.0487885
0.076499
0.0490752
0.0761802
0.048776
0.0761251
0.0477373
0.0763234
0.048222
0.0765015
0.050472
0.0747946
0.0544858
0.0710472
0.0588634
0.0715734
0.0666385
0.071082
0.0376251
0.0423442
)
;
    }
}


// ************************************************************************* //
