/*--------------------------------*- C++ -*----------------------------------*\
| =========                 |                                                 |
| \\      /  F ield         | OpenFOAM: The Open Source CFD Toolbox           |
|  \\    /   O peration     | Version:  2406                                  |
|   \\  /    A nd           | Website:  www.openfoam.com                      |
|    \\/     M anipulation  |                                                 |
\*---------------------------------------------------------------------------*/
FoamFile
{
    version     2.0;
    format      ascii;
    arch        "LSB;label=32;scalar=64";
    class       volScalarField;
    location    "0/fluidRegion";
    object      p;
}
// * * * * * * * * * * * * * * * * * * * * * * * * * * * * * * * * * * * * * //

dimensions      [1 -1 -2 0 0 0 0];

internalField   nonuniform List<scalar> 
8595
(
66166.7
67363.3
72530.9
82514.9
92614
103118
113968
125023
136114
147126
158003
168757
179360
189933
200333
206430
207523
209772
208715
189920
186337
185860
184315
182700
181368
180147
178945
177754
176567
175379
174185
172984
171775
170560
169340
168114
166884
165651
164418
163184
161953
160726
159506
158298
157107
155942
154815
153743
152753
151884
151191
150786
150663
151635
151059
160095
161777
66093.3
67268.5
72474
82473.3
92578.3
103090
113947
125002
136093
147105
157982
168740
179350
189922
200321
206414
207496
209735
208798
189535
186256
185812
184276
182674
181350
180134
178937
177747
176563
175376
174182
172982
171774
170560
169339
168113
166883
165651
164417
163183
161952
160724
159504
158295
157103
155936
154806
153730
152733
151855
151146
150718
150554
151483
150602
159997
161687
66096
67246
72478.6
82472.5
92553.7
103045
113886
124929
136014
147026
157910
168679
179295
189872
200272
206362
207416
209641
208759
188712
185952
185681
184199
182635
181335
180130
178938
177752
176568
175381
174188
172987
171778
170563
169342
168115
166885
165652
164418
163184
161951
160723
159502
158292
157099
155929
154796
153714
152710
151819
151091
150635
150419
151299
150121
159957
161603
66056.1
67174.6
72445.4
82437.9
92508.8
103003
113850
124893
135979
146998
157885
168653
179272
189847
200253
206347
207414
209753
208980
187911
185611
185552
184123
182592
181313
180121
178935
177752
176570
175384
174190
172989
171781
170565
169343
168117
166886
165653
164418
163183
161950
160721
159499
158287
157091
155917
154778
153688
152670
151759
151000
150497
150200
150996
149488
159765
161312
66028.6
67113.3
72417.3
82405.7
92473.8
102969
113827
124878
135966
146984
157869
168633
179254
189826
200244
206353
207458
209968
209286
187035
185147
185371
184018
182528
181281
180107
178930
177753
176574
175389
174196
172995
171785
170569
169347
168119
166888
165654
164418
163183
161949
160718
159494
158280
157080
155902
154756
153655
152620
151684
150886
150322
149924
150611
148737
159455
160852
66012.7
67079.1
72404.2
82386.6
92464
102968
113833
124885
135967
146976
157854
168611
179233
189806
200243
206382
207548
210266
209658
186118
184609
185168
183904
182458
181247
180092
178926
177754
176578
175394
174202
173000
171790
170573
169350
168122
166890
165655
164418
163182
161946
160715
159488
158271
157068
155884
154728
153614
152559
151592
150745
150109
149589
150140
147852
159017
160210
66012.6
67074.5
72417.6
82401.5
92491.4
103018
113879
124916
135978
146968
157832
168580
179204
189785
200250
206434
207683
210636
210084
185176
184023
184946
183781
182382
181210
180077
178923
177757
176584
175402
174209
173007
171797
170579
169355
168125
166892
165656
164419
163181
161944
160710
159482
158262
157053
155862
154696
153567
152488
151486
150584
149865
149203
149593
146819
158441
159361
66016.7
67095.1
72472
82463.2
92581.9
103116
113957
124961
135988
146947
157793
168531
179162
189757
200262
206506
207855
211056
210551
184223
183426
184717
183650
182301
181170
180062
178920
177761
176591
175411
174218
173016
171804
170585
169360
168130
166895
165658
164419
163180
161941
160706
159474
158250
157036
155838
154660
153513
152409
151366
150403
149590
148769
148973
145618
157712
158271
66062.1
67163.2
72553.8
82578.4
92726.5
103243
114046
125000
135977
146898
157723
168455
179098
189719
200274
206596
208050
211508
211055
183262
182868
184498
183524
182229
181138
180051
178920
177767
176601
175421
174228
173025
171812
170592
169366
168134
166898
165660
164419
163179
161939
160700
159466
158238
157018
155811
154621
153456
152323
151238
150209
149296
148303
148305
144257
156828
156894
65915.7
67150.9
72675.9
82719
92885.9
103382
114133
125018
135931
146803
157601
168329
178990
189651
200268
206686
208234
211938
211616
182226
182360
184260
183377
182151
181104
180041
178923
177777
176614
175435
174242
173037
171823
170601
169373
168139
166902
165662
164420
163178
161935
160695
159457
158224
156998
155782
154578
153392
152229
151097
149995
148972
147785
147559
142653
155730
155111
153153
155401
156963
158104
158927
159503
159879
160090
160125
160158
153718
155062
156069
156856
157440
157853
158121
158268
158284
158345
139762
141719
143246
144525
145570
146432
147148
147745
148204
148605
145336
146202
146936
147590
148138
148586
148936
149196
149349
149456
146022
146577
147052
147477
147837
148134
148366
148540
148642
148715
147540
147862
148142
148396
148610
148787
148924
149026
149085
149127
148848
149042
149212
149366
149496
149604
149687
149749
149785
149810
150178
150293
150395
150487
150565
150629
150679
150716
150738
150753
151496
151564
151624
151679
151725
151764
151793
151815
151828
151837
152811
152850
152885
152917
152944
152966
152984
152997
153004
153009
154121
154143
154162
154181
154196
154209
154219
154226
154230
154233
155426
155438
155449
155458
155467
155474
155479
155483
155485
155488
156727
156733
156738
156744
156748
156752
156754
156757
156757
156759
158025
158027
158030
158032
158034
158036
158037
158039
158039
158040
159319
159320
159321
159322
159323
159324
159325
159325
159325
159326
160611
160612
160613
160613
160614
160614
160614
160615
160614
160615
161902
161903
161904
161905
161906
161906
161906
161906
161906
161907
163193
163195
163197
163198
163199
163200
163200
163200
163200
163201
164485
164489
164491
164493
164494
164496
164496
164497
164496
164498
165780
165784
165788
165791
165793
165795
165796
165797
165797
165798
167077
167084
167088
167093
167096
167099
167101
167102
167102
167104
168378
168388
168394
168401
168405
168409
168412
168414
168414
168416
169685
169698
169707
169716
169722
169727
169731
169733
169734
169737
171000
171017
171029
171041
171049
171056
171060
171064
171065
171068
172324
172346
172362
172377
172388
172397
172403
172408
172410
172414
173658
173688
173708
173728
173743
173755
173763
173770
173773
173777
175007
175045
175072
175098
175117
175133
175145
175153
175158
175162
176372
176423
176458
176491
176517
176537
176553
176564
176572
176577
177757
177824
177870
177914
177947
177974
177996
178010
178021
178027
179166
179254
179315
179373
179418
179454
179482
179501
179518
179524
180604
180721
180803
180878
180939
180987
181025
181052
181075
181082
182077
182232
182342
182442
182523
182588
182640
182676
182710
182719
183580
183786
183935
184069
184179
184267
184339
184389
184436
184447
185110
185387
185593
185774
185927
186051
186151
186223
186292
186308
186756
187136
187420
187664
187872
188044
188187
188294
188400
188425
188547
189041
189417
189735
190009
190237
190427
190574
190722
190755
189194
189828
190400
190912
191363
191741
192045
192269
192476
192508
188766
189963
190911
191708
192423
193079
193688
194256
194825
195053
206397
206048
205923
205862
205846
205879
205971
206155
206513
206654
205642
205436
205353
205340
205371
205448
205579
205790
206152
206358
203372
203243
203213
203238
203297
203386
203508
203669
203893
203984
201846
201766
201767
201808
201874
201959
202054
202162
202296
202353
195612
195564
195572
195609
195657
195713
195779
195848
195924
195951
185158
185130
185143
185172
185207
185248
185290
185329
185368
185381
174756
174741
174752
174772
174797
174825
174853
174877
174896
174906
164489
164482
164490
164504
164521
164540
164556
164567
164571
164578
154286
154283
154289
154298
154310
154321
154329
154334
154329
154334
144137
144134
144136
144141
144147
144152
144155
144155
144145
144150
134002
133998
133998
134000
134003
134005
134005
134003
133991
133996
123876
123871
123871
123872
123873
123873
123872
123870
123857
123863
113752
113747
113746
113746
113747
113747
113745
113743
113731
113737
103630
103626
103625
103626
103626
103627
103625
103624
103613
103619
93504.4
93500.5
93499.9
93500.5
93501.3
93501.8
93501.1
93501.2
93491.2
93498
83383.1
83380.4
83380.4
83381.8
83383.6
83385.4
83385.9
83387.7
83378.9
83386.7
73252.5
73249.5
73248.2
73249
73250.3
73252.1
73252.6
73255.5
73247.7
73256.1
67594
67594.6
67595
67599.1
67604.8
67611.9
67617.3
67625.6
67619.8
67632.3
66412.5
66410.2
66408.9
66408.7
66409
66410.7
66410.5
66415.1
66409.4
66417.2
50448.7
52358.7
53668.3
54402.7
54841.2
55044.8
55049.1
54915.3
54456.7
52166.2
46863.8
50360.7
52250.8
53549.5
54281.6
54718.4
54920
54922.8
54788.1
54316
52114.6
48218.2
50255.5
52117.8
53402
54135.8
54576
54781.7
54791.6
54666.7
54190
52169
49505.9
50270.2
52026.8
53256.6
53977.6
54413.4
54620.2
54639.4
54529.2
54068.8
52354.6
50741.9
50411.7
51999.5
53141.5
53835.3
54260.3
54466.8
54496.9
54401.3
53974.4
52601.9
51718.5
50624
52028.9
53068.9
53724.2
54132.1
54335.9
54376.6
54296.3
53915.6
52845.7
52424.1
50881.2
52104.5
53035.9
53644.6
54030
54228.5
54278.5
54214.6
53889.6
53077.5
52956.8
51164.3
52216.3
53038
53594.4
53952.9
54143.4
54200.8
54154
53887.9
53290.8
53371.6
51459.1
52355.1
53069.9
53570.7
53899.2
54079.2
54142.1
54112.3
53904.2
53483.1
53700.6
51758.6
52513.9
53126.7
53570.1
53866.1
54033.5
54099.7
54086.4
53933.1
53656.2
53968
52075.8
52698.5
53210.2
53592.7
53852.8
54004.7
54072.5
54075.2
53974.6
53820.6
54199.6
52432.5
52922.9
53329.4
53644.4
53862.8
53995.2
54061.8
54080.3
54031.6
53985.5
54411.4
52847.7
53203.1
53497.5
53735.4
53903.9
54010.6
54071.9
54104.6
54106.2
54153.7
54607.5
53295.6
53525.1
53708.3
53864
53976.4
54051.2
54102
54144.9
54188.7
54307.5
54769
53721.1
53845
53928.9
54007
54063.4
54103.7
54139.5
54186.3
54258.9
54422.9
54876
54110.9
54146.7
54143.9
54150.8
54153.6
54158.4
54176
54220.7
54309.6
54498.1
54932.9
54467.1
54427.6
54347.3
54288.3
54239.3
54208
54204.3
54241.7
54336.9
54535.7
54946.7
54791.4
54685.2
54534.3
54413.4
54314.2
54246.1
54218.7
54244.3
54338
54536.9
54921.4
55084.9
54917.9
54700.8
54521.2
54373.1
54267.9
54214.7
54224.8
54311.1
54503.2
54860.1
55348.9
55124.8
54844
54607.7
54411.8
54269.3
54188.9
54180.7
54255.4
54436
54765.3
55585.4
55305.5
54961.8
54670.1
54427.1
54247.3
54138.9
54110.5
54170.6
54336.7
54639.1
55797
55461
55053.1
54706.3
54416.6
54199.8
54063
54013.3
54056.9
54206.9
54483.6
55983.7
55591.1
55116.4
54715.1
54379.4
54126.4
53961.6
53890.2
53916.3
54049.4
54302.5
56127.2
55685.3
55144.8
54693.6
54316.2
54030.7
53840.7
53749.8
53759.6
53876.7
54110
56223.3
55741.4
55141.4
54648.3
54236.3
53924.5
53714.4
53607.7
53604.3
53708.2
53926
56287.6
55770.1
55117.1
54588.5
54147.7
53814.7
53588.4
53469.2
53455.1
53548
53753.2
56333.6
55779.8
55078.2
54517.5
54051.9
53700.8
53461
53331.5
53308.7
53392
53585.8
56367.9
55773.3
55025.1
54433.8
53945.5
53578.3
53326.8
53188.3
53158
53232.5
53415.3
56388.8
55749.2
54954.9
54333.9
53824.8
53443.1
53181.2
53035.1
52998.3
53064.4
53235.9
56392.5
55704.1
54865
54215.9
53688.2
53294
53023.4
52871.2
52829.2
52887.2
53046.9
56374.5
55634.6
54753.2
54078.4
53534.7
53130.2
52852.8
52696
52650.5
52700.9
52847.4
56330.8
55538.1
54618.2
53920.9
53364.2
52951.8
52669.6
52509.8
52462.4
52505.9
52636.6
56255.4
55413.4
54461.4
53745.8
53178.9
52760.2
52474.4
52312.7
52264.4
52301.4
52411.1
56108.3
55236.2
54268.1
53544.5
52973.6
52553.2
52266.8
52105.4
52058.4
52091.4
52174.2
55971.9
55086.5
54111
53383.2
52809.2
52386.5
52098.4
51935.5
51887.8
51918
51970.7
152563
151669
151726
151804
151808
151844
151933
152052
152185
152319
152450
152577
152693
152795
152871
152906
152912
152900
152870
152844
152772
152621
152433
152203
151945
151651
151311
150919
150484
150022
149580
149209
148825
148461
149054
154584
153775
153179
152698
152291
151949
151658
151402
151167
150931
150676
150394
150098
149836
149615
149419
149253
149127
149046
149029
149054
149121
149247
149395
149533
149653
149757
149861
149977
150126
150347
150686
151103
151568
152235
141358
140658
139878
139114
138412
137774
137200
136692
136251
135862
135499
135146
134806
134512
134297
134145
134045
133988
133960
133949
133911
133857
133837
133866
133951
134088
134288
134563
134921
135366
135905
136547
137165
137664
138185
147051
146698
146273
145849
145437
145039
144657
144293
143947
143607
143256
142884
142504
142166
141889
141667
141497
141378
141309
141291
141321
141405
141551
141738
141941
142154
142383
142638
142921
143233
143572
143940
144294
144579
144812
147424
147195
146912
146629
146353
146085
145827
145580
145346
145116
144879
144626
144360
144116
143913
143748
143622
143535
143485
143473
143495
143554
143652
143775
143904
144039
144184
144345
144523
144717
144926
145149
145359
145528
145670
148750
148606
148424
148241
148059
147881
147707
147537
147373
147210
147038
146851
146652
146465
146306
146174
146071
145997
145952
145936
145950
145992
146063
146149
146239
146331
146428
146532
146646
146768
146896
147032
147158
147259
147342
149848
149753
149632
149510
149389
149269
149151
149036
148925
148813
148694
148564
148424
148291
148175
148078
148001
147943
147905
147887
147890
147913
147954
148006
148060
148116
148175
148239
148308
148381
148459
148541
148617
148678
148728
151001
150938
150857
150775
150694
150613
150533
150455
150378
150301
150218
150127
150028
149933
149849
149777
149719
149673
149641
149623
149619
149628
149650
149679
149711
149743
149778
149816
149857
149901
149947
149995
150041
150077
150107
152165
152122
152068
152013
151957
151902
151848
151794
151741
151688
151631
151567
151498
151430
151369
151317
151273
151237
151211
151193
151185
151186
151195
151210
151227
151245
151264
151285
151309
151334
151361
151389
151416
151437
151454
153349
153320
153283
153246
153208
153170
153133
153096
153059
153022
152983
152938
152889
152840
152797
152758
152725
152697
152675
152660
152650
152646
152648
152654
152662
152671
152681
152692
152705
152719
152734
152750
152765
152777
152787
154549
154529
154504
154478
154452
154426
154401
154375
154350
154324
154296
154265
154230
154195
154164
154135
154110
154089
154071
154058
154048
154042
154040
154041
154044
154048
154052
154058
154064
154071
154079
154088
154096
154102
154108
155762
155748
155731
155713
155695
155678
155660
155642
155624
155606
155587
155565
155540
155515
155492
155471
155453
155436
155422
155411
155402
155396
155392
155391
155391
155392
155393
155395
155398
155401
155405
155409
155413
155417
155419
156984
156975
156963
156951
156939
156927
156914
156902
156890
156877
156864
156848
156831
156813
156796
156781
156767
156755
156744
156735
156728
156722
156718
156715
156714
156714
156714
156714
156715
156716
156717
156719
156721
156723
156724
158215
158209
158201
158192
158184
158176
158167
158159
158150
158142
158132
158121
158109
158097
158085
158075
158065
158056
158048
158041
158035
158030
158026
158024
158022
158021
158021
158020
158020
158020
158021
158021
158022
158023
158023
159451
159447
159441
159436
159430
159425
159419
159414
159408
159402
159396
159389
159381
159372
159365
159357
159350
159344
159339
159334
159330
159326
159323
159321
159320
159319
159318
159318
159318
159318
159317
159318
159318
159318
159318
160691
160688
160685
160681
160678
160674
160671
160668
160664
160661
160657
160652
160647
160642
160637
160633
160629
160625
160622
160619
160617
160615
160613
160612
160611
160611
160610
160610
160610
160610
160610
160610
160610
160611
160611
161933
161932
161930
161928
161926
161924
161923
161921
161919
161917
161915
161913
161911
161909
161906
161905
161903
161901
161900
161899
161899
161898
161898
161898
161898
161898
161899
161899
161899
161900
161900
161900
161901
161901
161901
163177
163176
163176
163175
163175
163174
163174
163174
163173
163173
163173
163173
163172
163173
163173
163173
163174
163174
163175
163176
163178
163179
163180
163182
163183
163184
163185
163186
163187
163188
163189
163190
163191
163191
163192
164421
164421
164422
164422
164423
164424
164425
164425
164426
164427
164429
164430
164432
164435
164437
164440
164443
164446
164449
164452
164455
164458
164461
164464
164466
164468
164470
164472
164474
164476
164478
164479
164481
164482
164483
165664
165665
165666
165668
165670
165672
165674
165676
165678
165680
165683
165687
165691
165695
165700
165705
165710
165715
165720
165726
165731
165737
165742
165746
165750
165753
165756
165759
165762
165765
165768
165770
165773
165775
165776
166905
166907
166909
166912
166915
166918
166921
166924
166928
166932
166936
166941
166947
166954
166961
166969
166976
166984
166992
166999
167007
167015
167023
167029
167034
167039
167044
167048
167052
167056
167060
167064
167067
167070
167072
168143
168146
168150
168153
168157
168162
168166
168170
168175
168180
168186
168193
168202
168211
168221
168231
168241
168252
168262
168273
168284
168294
168304
168313
168321
168327
168333
168339
168344
168350
168355
168361
168365
168369
168371
169378
169381
169386
169391
169396
169401
169407
169413
169419
169426
169433
169442
169453
169466
169478
169492
169505
169519
169532
169546
169560
169574
169587
169599
169609
169617
169625
169633
169640
169648
169655
169662
169668
169673
169676
170607
170611
170617
170623
170630
170636
170644
170651
170659
170667
170676
170688
170702
170717
170733
170750
170767
170784
170801
170819
170837
170855
170872
170887
170900
170911
170921
170931
170941
170951
170960
170969
170977
170983
170988
171830
171835
171842
171850
171857
171865
171874
171883
171892
171902
171914
171928
171945
171964
171984
172004
172025
172047
172069
172092
172114
172137
172159
172178
172194
172209
172222
172235
172247
172260
172272
172283
172294
172302
172308
173046
173051
173059
173068
173077
173086
173097
173107
173118
173130
173144
173161
173181
173204
173229
173254
173280
173307
173334
173362
173391
173419
173447
173472
173492
173510
173527
173543
173560
173576
173591
173606
173620
173630
173638
174251
174258
174267
174276
174287
174298
174309
174321
174334
174348
174364
174384
174409
174436
174466
174496
174528
174561
174595
174630
174665
174701
174736
174767
174793
174816
174838
174859
174880
174900
174920
174940
174957
174970
174980
175445
175452
175461
175472
175483
175495
175508
175522
175537
175553
175572
175595
175623
175656
175691
175728
175767
175807
175849
175892
175936
175981
176025
176064
176097
176127
176154
176181
176208
176234
176260
176285
176308
176325
176338
176624
176631
176641
176651
176663
176676
176690
176705
176722
176739
176760
176787
176820
176858
176900
176944
176991
177040
177091
177144
177199
177256
177312
177361
177403
177441
177475
177510
177544
177578
177611
177644
177673
177695
177713
177785
177791
177800
177810
177822
177835
177849
177865
177882
177902
177925
177954
177992
178037
178085
178137
178194
178253
178316
178382
178451
178522
178592
178655
178709
178756
178801
178845
178889
178933
178976
179019
179057
179086
179108
178926
178930
178937
178945
178954
178966
178979
178995
179012
179032
179057
179089
179131
179182
179238
179300
179368
179440
179517
179599
179684
179773
179862
179942
180011
180072
180129
180186
180243
180300
180356
180412
180461
180499
180528
180036
180035
180037
180040
180045
180053
180063
180077
180092
180112
180137
180170
180216
180274
180339
180412
180493
180582
180677
180778
180886
180998
181111
181214
181302
181380
181455
181529
181603
181676
181749
181823
181888
181938
181976
181085
181076
181068
181062
181059
181059
181063
181071
181083
181098
181121
181154
181202
181266
181341
181429
181527
181636
181755
181883
182020
182164
182311
182445
182560
182663
182760
182858
182955
183052
183148
183245
183331
183396
183448
182104
182079
182052
182028
182010
181997
181990
181988
181992
182002
182020
182052
182102
182173
182259
182361
182477
182608
182753
182911
183080
183262
183448
183619
183768
183901
184028
184155
184283
184410
184537
184666
184781
184867
184935
183282
183231
183174
183123
183081
183047
183021
183005
182999
183003
183019
183053
183110
183187
183281
183395
183527
183678
183845
184029
184227
184439
184655
184853
185026
185184
185337
185494
185654
185816
185980
186148
186300
186417
186511
184127
184048
183955
183875
183805
183744
183694
183653
183625
183609
183607
183625
183675
183762
183880
184031
184211
184421
184657
184918
185200
185501
185807
186083
186318
186527
186728
186932
187139
187347
187556
187768
187960
188110
188234
182137
181985
181783
181603
181455
181337
181248
181178
181121
181068
181023
181005
181054
181196
181408
181676
181990
182346
182742
183177
183655
184184
184757
185308
185786
186200
186576
186936
187289
187633
187971
188305
188602
188809
188935
181444
181075
180717
180406
180149
179941
179783
179680
179641
179683
179810
180011
180249
180456
180655
180872
181119
181398
181709
182049
182409
182771
183092
183352
183609
183897
184231
184609
185022
185463
185931
186419
186863
187246
187646
212197
212420
212604
212759
212872
212948
213001
213025
212997
212893
212708
212447
212147
211870
211593
211305
211002
210684
210357
210030
209715
209431
209222
209094
208974
208834
208663
208474
208280
208084
207886
207692
207545
207402
207173
212188
212349
212518
212656
212759
212830
212871
212881
212861
212814
212734
212606
212409
212140
211822
211467
211078
210661
210221
209763
209293
208814
208341
207918
207570
207282
207032
206799
206581
206380
206197
206031
205897
205812
205762
208317
208379
208446
208495
208525
208538
208533
208509
208471
208419
208347
208243
208085
207870
207621
207349
207056
206746
206425
206095
205762
205428
205106
204828
204606
204427
204269
204123
203987
203860
203745
203641
203559
203507
203470
206748
206781
206813
206835
206845
206843
206826
206794
206746
206679
206588
206461
206288
206076
205840
205581
205303
205008
204699
204381
204059
203737
203430
203170
202962
202791
202640
202502
202375
202261
202160
202072
202007
201967
201936
200251
200242
200225
200201
200168
200128
200079
200021
199954
199877
199781
199655
199488
199285
199062
198821
198564
198294
198012
197723
197431
197140
196865
196634
196454
196310
196186
196075
195975
195888
195812
195748
195701
195674
195656
189597
189562
189514
189460
189401
189336
189265
189189
189106
189014
188904
188766
188590
188386
188169
187939
187697
187445
187186
186922
186658
186398
186157
185960
185809
185691
185590
185502
185424
185357
185301
185254
185221
185203
185190
178907
178855
178785
178710
178632
178551
178465
178376
178284
178185
178070
177930
177755
177558
177351
177136
176912
176682
176447
176210
175975
175747
175538
175370
175245
175149
175069
175000
174941
174891
174849
174816
174793
174780
174772
168234
168174
168094
168011
167926
167838
167748
167655
167561
167461
167348
167211
167043
166858
166669
166474
166273
166069
165863
165657
165456
165263
165089
164952
164853
164777
164716
164664
164620
164584
164554
164531
164515
164506
164500
157510
157453
157376
157296
157214
157131
157046
156959
156872
156780
156676
156552
156403
156239
156072
155903
155730
155557
155384
155213
155047
154890
154749
154640
154561
154502
154455
154415
154382
154355
154333
154316
154305
154298
154293
146733
146687
146624
146559
146493
146425
146354
146283
146210
146134
146048
145946
145822
145686
145548
145409
145269
145129
144991
144855
144725
144603
144495
144412
144352
144307
144271
144241
144215
144194
144177
144164
144155
144149
144145
135896
135872
135836
135797
135756
135712
135666
135617
135567
135514
135453
135378
135287
135186
135083
134978
134871
134765
134659
134557
134459
134368
134289
134227
134182
134148
134120
134096
134075
134058
134043
134030
134021
134016
134011
125032
125037
125037
125034
125026
125013
124997
124977
124954
124928
124896
124854
124800
124736
124668
124597
124524
124450
124375
124303
124233
124168
124110
124064
124030
124003
123981
123962
123944
123929
123916
123904
123896
123890
123886
114202
114240
114280
114315
114343
114365
114381
114392
114398
114399
114397
114388
114370
114341
114307
114267
114223
114176
114128
114079
114032
113987
113945
113912
113885
113865
113847
113831
113816
113803
113791
113780
113771
113766
113761
103498
103566
103643
103712
103773
103825
103869
103906
103937
103963
103986
104005
104016
104017
104009
103993
103971
103945
103916
103885
103853
103821
103792
103767
103746
103730
103716
103702
103690
103679
103668
103658
103650
103644
103640
93031.6
93117.5
93214.9
93304.6
93384.3
93454.6
93516.3
93570
93616.5
93657.9
93696.3
93731.9
93761.6
93780.3
93788
93786.5
93777.5
93762.7
93743.4
93721.1
93697.2
93672.5
93648.2
93627.3
93610.2
93595.8
93583.2
93571.4
93560.5
93550.3
93540.6
93531.3
93523.4
93518
93513.6
82871.9
82956.2
83050.8
83139.2
83219.3
83291.3
83355.7
83412.8
83462.8
83507.8
83550
83589.7
83623.7
83646.3
83656.8
83657.2
83649.4
83635
83615.7
83593.1
83568.5
83543.1
83518.3
83497.2
83480.3
83466.4
83454.2
83443.1
83432.9
83423.8
83415.4
83407.6
83400.8
83396
83391.8
72874.2
72964.5
73060.6
73148.6
73227.9
73299.2
73362.7
73418.5
73466.8
73509.3
73548
73582.6
73609.3
73622.9
73623.3
73612.7
73593.3
73567.1
73535.9
73501.7
73466.2
73430.8
73397.7
73370.8
73350.2
73333.9
73320.3
73308.3
73297.8
73288.7
73281
73274.3
73268.6
73264.7
73260.9
67432.7
67534.7
67651.6
67757.8
67852
67934.6
68005.3
68064.4
68112.3
68151
68182.1
68204.1
68212.4
68203.3
68178.9
68142.2
68095.9
68042.6
67984.8
67925.2
67865.8
67808.6
67757
67716.7
67687.4
67665.6
67648.8
67635.4
67625.2
67617.8
67613
67609.9
67607.1
67605.5
67602.2
66511.6
66709.1
66908
67065.1
67187.4
67283.6
67357.5
67412.3
67450.6
67475.3
67486.6
67481.1
67453
67402.1
67334.8
67254.9
67165.9
67070.9
66973.1
66875.4
66780.6
66691.2
66612.2
66552.2
66509.9
66479.7
66457.6
66441.6
66431.4
66426.1
66424.8
66424.8
66423.3
66422.3
66415.1
156865
156680
156438
156184
155920
155646
155363
155068
154763
154435
154056
153596
153028
152382
151698
150977
150223
149440
148629
147792
146932
146052
145188
144423
143781
143220
142702
142201
141718
141259
140832
140448
140160
139990
139852
157424
157239
156990
156731
156462
156184
155895
155595
155283
154947
154559
154084
153496
152825
152113
151362
150579
149769
148934
148076
147197
146300
145418
144636
143977
143403
142878
142376
141900
141456
141051
140692
140416
140246
140112
158092
157905
157648
157383
157107
156822
156526
156219
155898
155552
155151
154660
154048
153349
152605
151822
151007
150166
149301
148416
147512
146596
145703
144917
144263
143698
143187
142705
142254
141839
141465
141135
140876
140706
140571
158855
158665
158399
158126
157844
157551
157248
156931
156602
156244
155829
155318
154681
153950
153171
152350
151496
150615
149712
148787
147846
146893
145965
145154
144482
143905
143385
142897
142441
142022
141644
141306
141038
140858
140719
159715
159523
159245
158963
158673
158372
158060
157734
157393
157023
156591
156059
155392
154625
153805
152939
152038
151109
150156
149182
148189
147183
146204
145349
144642
144037
143494
142985
142511
142077
141687
141338
141065
140871
140728
160670
160474
160182
159891
159591
159281
158958
158621
158268
157883
157433
156875
156176
155368
154502
153585
152630
151643
150630
149592
148534
147460
146411
145493
144733
144083
143499
142952
142445
141982
141571
141205
140926
140722
140578
161717
161515
161207
160902
160590
160268
159933
159583
159216
158814
158344
157759
157023
156171
155254
154280
153262
152208
151125
150014
148877
147717
146579
145578
144747
144034
143391
142789
142231
141724
141274
140879
140583
140369
140228
162829
162620
162292
161972
161646
161309
160959
160594
160210
159790
159296
158681
157906
157009
156040
155006
153921
152795
151634
150437
149207
147943
146693
145585
144659
143862
143141
142466
141840
141273
140775
140340
140015
139783
139645
163946
163729
163380
163042
162700
162346
161978
161595
161194
160754
160237
159594
158787
157854
156841
155754
154605
153406
152161
150870
149530
148135
146734
145470
144396
143457
142597
141783
141025
140343
139756
139258
138903
138665
138542
165251
165006
164589
164189
163796
163399
162996
162585
162162
161707
161179
160526
159710
158761
157721
156586
155369
154088
152752
151361
149903
148362
146775
145290
143972
142766
141604
140438
139280
138160
137110
136145
135422
134990
134800
167146
166718
166128
165596
165105
164636
164180
163731
163279
162797
162242
161565
160732
159768
158699
157507
156205
154832
153410
151934
150384
148732
147003
145331
143781
142289
140770
139147
137404
135541
133541
131331
129111
127154
125473
58936.8
57383.3
55875.1
54461.8
53142.4
51908.8
50749.4
49654
48613.4
47623.7
46711.9
45925.3
45045.8
43200.6
41042.8
59007.4
57488.7
56014.2
54632.4
53342.1
52136.4
51004.3
49936.6
48925
47965.8
47086.3
46333.3
45488.8
43833.8
42805
59171.3
57706.4
56281.9
54944.4
53693.8
52524
51425.7
50390.8
49411.9
48486.4
47642.1
46919.9
46105.2
44699.7
44460.2
59387
57992.2
56631.4
55348.5
54145.3
53017.6
51958.2
50960.7
50019.5
49134.2
48333.4
47649.5
46892.7
45815.4
46070
59639.6
58323.5
57033.7
55810.9
54658.9
53575.9
52556.7
51596.9
50692.6
49845.3
49082.8
48427.9
47731.4
46939
47395.6
59888
58647.3
57425.7
56260.7
55157.8
54117.2
53135.7
52210.6
51339.9
50527
49797.6
49166.9
48526.1
47933.5
48424.8
60141.2
58971.4
57814.6
56704.7
55648.4
54647.6
53700.9
52807.5
51966.7
51183.8
50482
49871.5
49278.7
48818.5
49266.7
60398.9
59295.5
58199.4
57141.3
56128.6
55164.6
54249.9
53385.1
52571
51814.1
51135.2
50541.8
49987.5
49610.1
49981.8
60660.2
59618.3
58578.7
57568.4
56595.8
55665.5
54779.7
53940.4
53150
52415.7
51755.9
51176.6
50651.7
50322.2
50605.9
60926
59941.4
58953.8
57987.5
57051.5
56151.7
55291.9
54475.4
53705.8
52991.1
52347.6
51780
51276.7
50971.6
51166
61211.2
60282.4
59345.2
58421
57519.8
56648.6
55813
55017.7
54267.4
53570.6
52941.5
52384.1
51896.5
51600
51704.3
61537.6
60666.4
59780.7
58899
58032.3
57189.2
56377
55601.9
54870
54189.9
53574.1
53025.5
52548.4
52247.3
52258.8
61928.5
61119.4
60287.9
59450.1
58618.2
57802.7
57013
56257
55542.2
54877.4
54273.3
53731.9
53259.6
52941.4
52857.9
62374.3
61627.8
60849.3
60052.3
59251.6
58459.6
57688.3
56947.4
56245.9
55592.9
54997.3
54460.1
53986.1
53641.4
53469.8
62830.7
62140.7
61407.5
60643.1
59865.2
59089
58328.9
57596.6
56902.4
56255.7
55664.5
55128.4
54648.5
54275.1
54032.3
63282.5
62641.3
61945.2
61204.4
60441.1
59673
58917.1
58187.2
57494.8
56849.5
56259
55721.8
55234
54834.2
54537
63732
63132.9
62466.5
61741.3
60985.1
60218.3
59460.5
58727.4
58031.9
57383.9
56791
56250.8
55754.3
55331.5
54994
64180.7
63617.1
62973.6
62256.6
61500.7
60728.9
59963.7
59222.7
58519.8
57865.5
57267.6
56723.1
56217.6
55776.5
55411.4
64628.6
64094.4
63467.4
62751.6
61989.7
61207.3
60429.9
59676.6
58962.7
58299.1
57693.9
57144.2
56630.2
56175.6
55796
65076.5
64565.1
63948.6
63227.3
62453.7
61655.8
60861.8
60092.6
59364.4
58688.9
58074.6
57519.1
56997.2
56534.4
56154.5
65525.7
65030.8
64418.7
63685.7
62895.1
62077
61262.8
60474.4
59729.2
59039.4
58414.5
57852.8
57323.8
56857.9
56494.5
65978.7
65493.4
64879.9
64129.4
63316.8
62474.6
61636.7
60826.2
60061.6
59355.6
58718.7
58150.6
57615.1
57151.1
56825.2
66439.9
65957
65336.3
64562.5
63723.6
62853.6
61989.1
61154.2
60368.3
59644.5
58994.4
58419.9
57878.7
57421
57159.1
66879
66389.3
65755.9
64954.7
64087.3
63188.3
62296.6
61437
60629.5
59887.8
59224.4
58644.1
58098
57648.9
57478.2
67257.7
66754.6
66105.1
65276.4
64381.5
63455.5
62538.8
61656.7
60829.7
60071.7
59396.2
58810.7
58260.5
57820.4
57756.2
67583.3
67064
66396.4
65541.3
64620.9
63670.3
62731
61828.6
60984.1
60211.6
59525.2
58935.1
58380.8
57950.7
58000.2
67878.3
67341
66653.7
65772.9
64827.8
63853.8
62893.4
61972.1
61111.3
60325.2
59628.6
59034.1
58475.5
58056.8
58227.2
68165.1
67607.6
66897.8
65990.5
65020.4
64023.1
63041.5
62101.5
61224.5
60425
59718.4
59119.4
58555.9
58150.9
58455.3
68455.4
67874
67138.2
66202.7
65206.2
64184.7
63181.3
62222
61328.5
60515.2
59798.4
59194.7
58625.6
58236.1
58695.2
68748.9
68139.2
67373.7
66408
65383.8
64337.1
63311.1
62332
61421.5
60594.1
59866.6
59258.1
58682.5
58309
58947.2
69044.8
68401.5
67602.3
66604.7
65551.4
64478.5
63429.2
62429.6
61501.4
60659.3
59920.9
59307
58724.4
58365.6
59210.7
69341.2
68658.6
67822
66790.5
65706.8
64606.6
63533
62512.1
61565.6
60708.1
59958.1
59338.1
58748.2
58400.1
59482
69636.1
68907.6
68029.8
66962.5
65846.9
64718.2
63619.1
62575.6
61609.3
60735.1
59971.7
59343.4
58744.7
58401.2
59751.7
69934.7
69152.6
68230
67125.3
65976.6
64818.4
63692.9
62625.8
61638.7
60746.4
59968.1
59329.9
58723.5
58379.4
59998.2
70117.9
69297.4
68342.3
67209.4
66035.4
64854.2
63707.7
62621.4
61616.9
60708.9
59916.6
59266.9
58650.2
115725
116643
117562
118480
119394
120336
90714.7
91489.8
92289.9
93091.9
93900.7
94715.4
95536.1
96363.1
97196.5
98036.4
98882.9
99736.2
100596
101464
102338
103219
104107
105002
105903
106810
107722
108639
109560
110485
111413
112343
113275
114208
115141
116074
117007
117940
118869
119788
120730
90592.6
91381.3
92202.3
93024.6
93854.3
94690
95531.9
96380.1
97234.8
98095.9
98963.8
99838.5
100720
101609
102505
103408
104318
105235
106157
107086
108020
108959
109903
110850
111800
112753
113708
114663
115619
116574
117527
118480
119427
120354
121298
90533.9
91336.9
92178.7
93022.5
93874.3
94732.3
95596.7
96467.4
97344.5
98228.2
99118.7
100016
100921
101832
102751
103678
104611
105551
106498
107451
108410
109374
110342
111315
112291
113270
114250
115231
116212
117191
118168
119143
120109
121050
121999
90499.4
91330.5
92195.2
93062.8
93937.8
94818.7
95705.8
96599.1
97498.8
98405.1
99318.2
100238
101166
102101
103043
103993
104950
105914
106885
107863
108848
109838
110834
111834
112837
113844
114852
115861
116870
117877
118881
119882
120874
121844
122812
90477.7
91350.9
92240.8
93134.3
94033.5
94937.8
95847.7
96763.3
97685.1
98613.5
99548.7
100491
101441
102398
103363
104336
105316
106304
107300
108303
109313
110329
111352
112378
113409
114444
115480
116517
117554
118590
119622
120650
121672
122681
123678
90446.5
91367.6
92284.1
93205.2
94129.6
95058.2
95991.6
96930.2
97874.6
98825.4
99783.1
100748
101720
102701
103689
104685
105689
106701
107722
108750
109786
110829
111878
112933
113992
115054
116119
117185
118251
119316
120378
121434
122486
123537
124566
90407.8
91375.4
92318
93266.8
94216.5
95169.4
96126.3
97087.9
98055
99028.2
100008
100996
101991
102994
104005
105025
106053
107089
108134
109188
110250
111320
112395
113477
114564
115654
116747
117842
118937
120031
121122
122207
123290
124379
125440
90354.6
91364.8
92333.1
93309.1
94284.2
95261.8
96242.6
97227.6
98217.9
99214.1
100217
101227
102245
103272
104307
105350
106403
107464
108534
109614
110702
111798
112901
114010
115124
116243
117364
118487
119611
120734
121854
122968
124080
125204
126294
90286.7
91334
92327.8
93331.2
94332.3
95335.5
96341.4
97351.2
98365.8
99386.3
100414
101448
102491
103542
104602
105671
106749
107837
108934
110041
111157
112281
113412
114550
115694
116842
117993
119146
120300
121454
122604
123749
124892
126051
127172
90188.2
91272.3
92293.8
93326.8
94356.7
95388.2
96422.1
97459.5
98501.6
99549.5
100604
101666
102736
103816
104904
106002
107109
108227
109354
110492
111638
112794
113957
115127
116304
117485
118669
119856
121044
122231
123416
124595
125771
126967
128126
90045.7
91166.7
92218.4
93284.4
94346.5
95410.4
96476.2
97545.5
98619.4
99699.1
100786
101880
102982
104094
105216
106348
107490
108642
109806
110979
112163
113355
114556
115764
116979
118199
119423
120649
121876
123104
124330
125549
126766
128008
129217
89829.7
90999.2
92086.2
93190
94288.4
95388.3
96489.8
97594.7
98704
99819.2
100941
102072
103211
104360
105519
106689
107870
109062
110265
111479
112704
113938
115181
116432
117690
118954
120221
121492
122764
124036
125306
126571
127831
129119
130379
89559.7
90779.9
91902.2
93044.6
94179.5
95316.1
96453.8
97594.8
98740.4
99891.9
101051
102218
103394
104581
105779
106988
108209
109442
110687
111943
113210
114487
115774
117069
118371
119679
120991
122307
123624
124941
126256
127564
128867
130197
131506
89253.8
90520.8
91676.9
92856.8
94027.5
95199.9
96373.2
97549.8
98731
99918.5
101113
102317
103531
104756
105992
107240
108501
109774
111060
112357
113666
114986
116315
117653
118999
120351
121708
123067
124428
125788
127147
128499
129843
131211
132568
88912.5
90224.6
91413.5
92630.3
93835.9
95043.5
96251.8
97463.5
98679.9
99902.9
101134
102374
103624
104886
106161
107448
108748
110061
111387
112726
114077
115438
116810
118191
119580
120976
122375
123778
125182
126586
127987
129381
130766
132172
133576
88538.7
89894.7
91115.8
92369.1
93609.1
94851.5
96094.3
97340.6
98591.9
99850
101116
102393
103680
104979
106291
107617
108956
110309
111676
113055
114447
115851
117265
118688
120120
121558
123001
124447
125894
127340
128784
130220
131645
133088
134539
88134.2
89533.9
90786.7
92076.5
93350.4
94627.2
95904.2
97184.8
98470.7
99763.7
101066
102378
103701
105037
106387
107751
109129
110522
111929
113349
114782
116227
117683
119149
120624
122105
123591
125080
126569
128058
129543
131022
132487
133966
135465
87701.9
89145.5
90429.6
91756
93063.3
94374.4
95685.2
96999.9
98320.1
99647.9
100985
102333
103693
105066
106453
107855
109272
110704
112151
113612
115086
116572
118070
119578
121095
122619
124148
125679
127212
128743
130270
131791
133297
134812
136358
87243.2
88731.4
90046.3
91409.5
92749.9
94095.1
95439.5
96788.3
98142.7
99505.2
100877
102261
103657
105067
106492
107932
109388
110860
112346
113847
115362
116890
118430
119980
121539
123106
124677
126252
127827
129400
130969
132532
134080
135629
137224
86759.4
88294.2
89639.5
91040
92413.2
93792.6
95170.4
96553.1
97941.7
99338.9
100746
102166
103598
105045
106508
107986
109481
110991
112518
114059
115614
117184
118765
120358
121959
123568
125183
126800
128417
130033
131644
133249
134837
136420
138065
86253.3
87836
89210.4
90648.7
92054.3
93467.9
94879.1
96295.7
97718.6
99150.5
100593
102048
103518
105002
106502
108018
109551
111101
112667
114249
115845
117455
119078
120713
122357
124008
125665
127325
128985
130643
132295
133941
135572
137186
138885
85749.8
87387
88788.5
90264.1
91699.9
93145.9
94588.3
96036.9
97492
98956.7
100433
101922
103425
104944
106479
108031
109600
111187
112790
114409
116043
117692
119354
121027
122711
124402
126099
127798
129498
131195
132886
134570
136239
137877
139619
85307.2
86989.4
88413.1
89920.6
91381.9
92855.9
94325.2
95801.5
97284.4
98777.4
100282
101800
103333
104882
106447
108030
109631
111249
112883
114534
116201
117883
119578
121285
123002
124727
126458
128192
129926
131657
133381
135095
136797
138454
140230
84919.6
86636.2
88079.6
89614.3
91097.7
92596
94088.7
95589.1
97096.3
98614
100144
101687
103246
104820
106412
108021
109649
111294
112956
114634
116329
118039
119763
121498
123244
124999
126759
128522
130285
132044
133796
135536
137267
138938
140741
84565.4
86308.2
87770.2
89329.1
90832.6
92353
93867
95389.6
96918.9
98459.1
100012
101578
103160
104758
106374
108007
109659
111328
113015
114719
116439
118174
119923
121685
123457
125238
127024
128813
130602
132387
134164
135926
137683
139368
141193
84220.7
85984.7
87465.4
89047.2
90570.1
92112
93646.9
95191
96741.9
98304.2
99878.8
101468
103072
104694
106332
107989
109664
111357
113067
114795
116539
118299
120073
121859
123656
125461
127273
129087
130901
132710
134511
136294
138077
139774
141621
83870.3
85653.9
87153.7
88758.2
90301
91864.7
93420.7
94986.6
96559.4
98143.8
99740.8
101352
102980
104624
106286
107965
109664
111380
113115
114866
116634
118418
120216
122027
123849
125679
127515
129355
131193
133026
134851
136655
138464
140175
142042
83513.3
85315.5
86834.6
88462
90025
91610.8
93188.3
94776.3
96371.3
97978.2
99597.8
101232
102882
104550
106234
107937
109659
111399
113157
114933
116725
118533
120355
122191
124037
125892
127753
129616
131479
133336
135186
137011
138845
140571
142459
83148.5
84969.9
86508.3
88158.8
89742.5
91350.8
92950.2
94560.7
96178.2
97807.8
99450.2
101107
102781
104471
106179
107906
109651
111414
113196
114995
116811
118643
120490
122349
124220
126099
127985
129873
131760
133641
135515
137361
139223
140964
142871
82775.4
84617.8
86174.8
58286.9
60071.5
67703.3
67670.2
67620.8
67581.5
67541.8
67501.8
67459.5
67413.4
67363
67305.5
67235.2
67144.7
67028.8
66895
66752.9
66603.6
66449.1
66291.5
66133.2
65976.9
65825
65679.4
65546.8
65440.6
65360.6
65297.9
65246
65201
65162
65128.3
65099.2
65071.6
65048.6
65034
65025.2
67803.5
67794.1
67732.4
67676.1
67609.4
67535.7
67455.5
67369.2
67277.1
67175.6
67056
66907.9
66725.2
66522.3
66313.6
66099.3
65881.1
65660.5
65439.8
65221.3
65007.4
64799.7
64606.8
64448.7
64326.3
64227.9
64144.2
64069.9
64004.6
63948.9
63903.1
63863.7
63837.1
63815.7
63810.1
68250.3
68225.3
68113.4
67999.1
67870
67733
67590.6
67444.5
67295.5
67137.8
66958.6
66744.1
66487.6
66210.1
65930.4
65646.9
65360.2
65071.1
64781
64492
64205.8
63923.4
63656.6
63433.4
63257.1
63112.7
62987.7
62875.3
62776.2
62692.4
62626.1
62573.3
62543.5
62518.7
62519
69608.8
69410.8
69101.2
68819.3
68548.4
68288.4
68038
67795.8
67560.7
67322
67060.8
66758.4
66407.1
66036
65668.3
65300.3
64930.7
64559.2
64186.3
63812.8
63439.4
63065.4
62705
62395.6
62144.1
61931.7
61741.2
61562.6
61396.2
61245.1
61111.8
60991.8
60906.7
60845.9
60835.6
165473
165253
164959
164650
164330
163997
163651
163291
162914
162505
162028
161435
160681
159787
158794
157687
156465
155146
153740
152247
150657
148955
147174
145472
143919
142448
140972
139415
137768
136041
134258
132440
130836
129602
128736
165957
165746
165464
165170
164867
164553
164226
163885
163527
163135
162672
162091
161343
160446
159434
158293
157034
155683
154249
152727
151104
149360
147525
145756
144131
142581
141023
139381
137653
135859
134038
132220
130645
129448
128616
165570
165367
165093
164817
164536
164249
163952
163643
163320
162966
162547
162016
161325
160480
159509
158398
157163
155832
154410
152894
151272
149523
147678
145894
144253
142686
141109
139447
137700
135893
134067
132258
130699
129519
128692
165220
165029
164772
164513
164250
163981
163703
163413
163108
162773
162374
161867
161201
160379
159426
158331
157113
155798
154391
152889
151279
149540
147702
145923
144284
142716
141137
139470
137718
135905
134075
132267
130713
129539
128711
164547
164368
164126
163885
163643
163395
163139
162873
162593
162283
161914
161440
160810
160023
159098
158029
156839
155551
154171
152695
151111
149399
147587
145830
144210
142658
141091
139436
137693
135888
134065
132268
130724
129560
128736
163682
163516
163292
163070
162848
162622
162389
162146
161889
161604
161262
160819
160223
159468
158570
157528
156370
155116
153770
152330
150783
149111
147339
145620
144032
142509
140969
139339
137619
135837
134035
132260
130736
129593
128776
162571
162418
162212
162010
161810
161607
161398
161180
160949
160692
160381
159973
159416
158696
157831
156825
155708
154496
153195
151801
150305
148687
146972
145305
143763
142283
140783
139193
137513
135769
134005
132269
130778
129665
128865
161237
161098
160910
160728
160550
160371
160187
159995
159792
159564
159285
158914
158398
157717
156890
155928
154861
153703
152459
151125
149693
148145
146503
144905
143425
142001
140556
139023
137399
135713
134007
132330
130890
129822
129046
159672
159547
159377
159218
159063
158908
158750
158587
158412
158216
157972
157642
157170
156532
155751
154846
153842
152752
151579
150322
148973
147512
145961
144448
143045
141693
140321
138861
137316
135710
134085
132491
131123
130117
129379
157891
157780
157631
157493
157362
157233
157103
156969
156826
156663
156457
156171
155747
155156
154433
153597
152672
151665
150581
149419
148171
146818
145376
143968
142660
141399
140117
138752
137307
135808
134293
132810
131542
130622
129937
155946
155852
155726
155611
155504
155401
155299
155194
155083
154954
154786
154542
154166
153624
152965
152213
151382
150477
149502
148455
147328
146103
144792
143508
142314
141161
139988
138740
137421
136056
134683
133348
132215
131407
130797
153845
153769
153668
153578
153496
153421
153350
153279
153203
153113
152984
152778
152442
151965
151394
150744
150027
149244
148399
147487
146500
145420
144258
143113
142047
141016
139969
138858
137689
136489
135293
134147
133188
132525
132015
151669
151611
151537
151475
151423
151380
151344
151307
151262
151198
151098
150927
150641
150248
149788
149266
148686
148047
147350
146589
145755
144831
143824
142826
141894
140994
140084
139125
138128
137121
136139
135222
134483
134001
133619
149377
149337
149291
149259
149241
149233
149227
149218
149196
149154
149084
148967
148781
148528
148225
147871
147462
146992
146459
145855
145173
144398
143535
142673
141868
141097
140326
139529
138720
137932
137199
136560
136090
135829
135608
147146
147125
147109
147117
147145
147183
147222
147254
147275
147287
147290
147279
147239
147153
147015
146823
146568
146244
145846
145367
144800
144133
143374
142607
141894
141220
140563
139906
139271
138693
138211
137861
137687
137679
137660
145321
145309
145314
145361
145435
145536
145663
145809
145962
146121
146287
146453
146595
146669
146657
146561
146380
146111
145751
145298
144745
144078
143308
142525
141793
141107
140447
139802
139200
138681
138284
138040
137968
138039
138088
144187
144196
144243
144327
144441
144589
144773
144984
145214
145459
145730
146020
146298
146503
146605
146603
146497
146288
145971
145543
144995
144302
143474
142603
141760
140949
140146
139339
138559
137851
137273
136864
136678
136695
136734
142727
142765
142880
143071
143338
143652
143997
144363
144735
145113
145512
145926
146322
146632
146820
146887
146836
146670
146382
145968
145415
144685
143776
142772
141761
140752
139721
138646
137561
136520
135587
134803
134298
134116
134073
141664
141735
141915
142214
142620
143105
143628
144160
144679
145187
145697
146207
146683
147060
147307
147426
147426
147312
147077
146722
146230
145536
144613
143516
142351
141133
139827
138402
136892
135374
133944
132706
131933
131611
131554
136855
138251
140003
141328
142467
143540
144520
145387
146144
146820
147443
148017
148514
148891
149145
149285
149331
149296
149174
148976
148661
148130
147366
146413
145348
144155
142782
141155
139244
137047
134571
131854
129328
127351
125597
90968.8
91724.2
92493
93264.4
94042
94825.4
95615
96410.9
97213.2
98022.2
98838
99660.7
100490
101327
102171
103022
103880
104745
105616
106493
107375
108262
109153
110048
110946
111847
112749
113653
114558
115462
116368
117274
118179
119082
120010
90834.3
91597.2
92380
93165.3
93957.3
94755.1
95559.1
96369.5
97186.2
98009.6
98839.7
99676.7
100521
101372
102230
103095
103967
104845
105730
106621
107517
108418
109323
110231
111143
112057
112973
113890
114807
79096
79811
80511.4
81199.8
81878.9
82550.3
83214.1
83857
84601.9
54275.8
55591.6
57077.5
58682.9
60302.1
61890.3
63418.5
64875.4
66257
67563.7
68798
69963.2
71063.1
72102
73084.3
74014.7
74898.2
75739.8
76544.5
77317.3
78062.8
78785.6
79489.9
80179.3
80856.8
81525.2
82185.4
82841.2
83466.8
84208
54095.8
55404
56883.2
58484.6
60100.9
61687
63213.5
64668.5
66047.9
67352
68583
69744.2
70839.5
71873
72849.3
73773.2
74649.5
75483.2
76279.6
77043.5
77779.7
78492.9
79187.2
79866.5
80533.9
81192.6
81842.5
82491.4
83102.3
83838.4
53917.2
55219.6
56693.6
58291.7
59905.5
61489.6
63014.1
64467
65843.8
67144.8
68372
69528.9
70619.1
71646.9
72616.9
73533.8
74402.6
75228.4
76016.4
76771.4
77498.4
78202.1
78886.6
79556
80213.5
80862.7
81502.3
82144.5
82742.9
83472.4
53734.2
55032.4
56502.7
58098.2
59709.8
61291.9
62814.4
64265
65639.1
66936.6
68159.8
69311.9
70396.6
71418.3
72381.5
73291.1
74152.1
74969.6
75748.8
76494.7
77212.2
77906
78580.5
79239.8
79886.9
80526.5
81155.7
81790.9
82377.9
83098.6
53546.7
54842.5
56310.6
57904.3
59514.1
61094.6
62615.2
64063.4
65434.6
66728.7
67947.7
69094.8
70173.9
71189.2
72145.4
73047.4
73900.3
74709.2
75479.3
76215.7
76923.4
77607.1
78271.2
78920
79556.5
80186.1
80804.6
81432.7
82009.1
82718.6
53354.5
54650
56117.4
57710.2
59319
60898.2
62417.1
63863.2
65231.6
66522.2
67736.9
68879.1
69952.4
70961.3
71910.3
72804.5
73649
74449
75209.7
75936.3
76633.8
77307
77960.2
78598
79223.4
79842.7
80450.3
81070.4
81637.3
82332.7
53157.9
54455.1
55923.4
57516.4
59124.9
60703.4
62221.1
63665.4
65031.4
66318.8
67529.6
68667
69734.8
70737.3
71679.3
72565.7
73401.8
74192.8
74944
75660.6
76347.7
77010
77652
78278.5
78892.2
79500.6
80096.9
80708.4
81266.8
81944.5
52955
54255.1
55725.5
57319.6
58928.8
60507.3
62024.6
63467.8
64832
66116.8
67324.3
68457.4
69519.9
70516.4
71451.3
72329.9
73157.3
73938.9
74680
75386
76061.9
76712.7
77342.7
77957
78558.2
79155.1
79739.7
80342.2
80893.9
81547.2
52750
54054.2
55527.9
57124.3
58735.5
60315.6
61834.1
63278.1
64642.5
65927
67133.5
68264.8
69324.7
70317.6
71248
72121
72941.9
73716.1
74448.9
75145.7
75811.5
76451.2
77069.3
77670.9
78258.5
78841.2
79411.4
80000.6
80546.9
81186.4
52575.5
53879.5
55352.4
56947.6
58557.4
60135.9
61652.4
63094.1
64456.1
65737.7
66940.9
68068.5
69124.4
70112.7
71038.2
71905.8
72720.9
73488.8
74214.9
74904.5
75562.8
76194.8
76804.8
77398
77977
78551.4
79112.9
79694.1
80234.2
80819.1
87849.1
89453.9
91085.1
92706.8
94340.2
95980.5
97633
99298.4
100979
102675
104389
106120
107870
109638
111426
113231
115054
116893
118749
120620
122503
124398
126302
128211
130124
132035
133940
135839
137707
139595
141352
143281
82392.8
84261.3
85837.2
87535.9
89162.4
90816.6
92460.9
94117.1
95780.2
97455.7
99144.1
100847
102567
104304
106058
107831
109623
111433
113262
115108
116971
118851
120745
122652
124571
126498
128432
130368
132304
134232
136156
138045
139961
141735
143688
82005.6
83906.8
85500.2
87223.5
88872.1
90549.4
92216.3
93895.3
95581.1
97279.2
98990.2
100716
102458
104217
105995
107790
109604
111437
113288
115157
117044
118946
120863
122793
124735
126685
128642
130601
132560
134512
136460
138371
140312
142105
144086
81694.8
83635.4
85240.1
86982.9
88646.9
90341.5
92025.3
93721.6
95424.7
97140.2
98868.7
100612
102372
104148
105943
107756
109588
111438
113307
115193
117097
119017
120951
122899
124858
126827
128801
130779
132755
134725
136691
138620
140582
142393
144402
121107
122242
123404
124545
125675
126784
127869
128924
129945
130927
131869
132767
133620
134428
135192
135914
136597
137245
137861
138445
138994
139506
139961
140333
140600
140712
140637
140315
138773
135347
121448
122562
123710
124837
125953
127049
128121
129163
130172
131144
132075
132964
133809
134609
135366
136083
136762
137406
138018
138599
139147
139657
140111
140482
140747
140859
140784
140461
138935
135850
121859
122942
124069
125176
126274
127352
128408
129436
130432
131392
132313
133193
134030
134824
135576
136289
136965
137607
138217
138797
139343
139853
140308
140681
140948
141061
140992
140673
139176
136462
122452
123510
124612
125696
126768
127822
128854
129859
130834
131774
132676
133539
134361
135142
135883
136585
137251
137886
138490
139064
139607
140113
140567
140939
141205
141318
141254
140939
139504
137228
123150
124196
125274
126334
127380
128408
129414
130393
131343
132260
133140
133983
134786
135549
136273
136961
137615
138237
138831
139397
139931
140430
140878
141248
141511
141624
141567
141253
139907
138063
123915
124963
126019
127058
128081
129084
130064
131017
131941
132833
133690
134509
135290
136032
136736
137405
138040
138646
139225
139776
140298
140782
141218
141582
141839
141950
141900
141589
140344
138878
124709
125767
126805
127828
128831
129814
130773
131706
132608
133478
134313
135111
135870
136591
137274
137922
138536
139122
139679
140211
140714
141180
141595
141944
142194
142301
142256
141950
140818
139676
125524
126592
127613
128624
129612
130579
131521
132436
133321
134174
134991
135771
136512
137214
137878
138505
139098
139660
140194
140701
141179
141621
142013
142340
142574
142675
142634
142335
141319
140455
126339
127414
128420
129420
130396
131351
132280
133182
134053
134892
135696
136462
137189
137877
138524
139134
139707
140247
140756
141237
141687
142102
142468
142767
142980
143073
143031
142741
141843
141214
127154
128232
129225
130216
131182
132125
133043
133934
134795
135623
136416
137171
137888
138564
139198
139793
140350
140870
141356
141811
142233
142618
142955
143227
143414
143492
143449
143170
142386
141957
128007
129084
130064
131046
132001
132934
133842
134723
135574
136392
137176
137922
138629
139295
139920
140502
141044
141546
142011
142440
142834
143187
143493
143736
143896
143956
143908
143641
142973
142721
128950
130023
130990
131961
132905
133827
134724
135595
136436
137245
138019
138757
139455
140111
140726
141296
141824
142309
142754
143158
143522
143843
144114
144325
144456
144494
144438
144188
143641
143550
130027
131090
132041
132998
133928
134838
135724
136583
137413
138212
138977
139705
140394
141042
141646
142205
142720
143188
143612
143991
144325
144612
144847
145022
145122
145139
145071
144843
144423
144478
131173
132226
133158
134100
135016
135913
136785
137633
138452
139240
139996
140715
141396
142036
142631
143181
143683
144137
144541
144897
145203
145458
145658
145797
145867
145865
145787
145584
145287
145462
132297
133338
134250
135177
136077
136959
137818
138653
139461
140240
140986
141697
142371
143003
143591
144132
144624
145065
145454
145789
146071
146297
146467
146574
146617
146597
146514
146336
146143
146410
133368
134393
135286
136196
137079
137946
138791
139614
140410
141178
141916
142619
143286
143911
144493
145028
145512
145943
146319
146638
146899
147101
147244
147325
147343
147307
147221
147070
146963
147301
134389
135397
136270
137163
138029
138880
139710
140519
141303
142060
142788
143483
144143
144763
145339
145869
146347
146770
147136
147442
147687
147869
147989
148047
148045
147995
147908
147784
147747
148142
135368
136358
137209
138085
138933
139767
140581
141375
142146
142891
143609
144296
144948
145562
146133
146658
147131
147549
147907
148203
148435
148601
148703
148741
148723
148661
148573
148474
148497
148941
136309
137280
138110
138967
139796
140613
141410
142189
142945
143678
144385
145062
145706
146313
146878
147398
147866
148279
148632
148921
149143
149298
149385
149408
149375
149304
149216
149141
149215
149702
137216
138168
138976
139814
140624
141422
142203
142965
143707
144426
145121
145787
146422
147021
147580
148094
148558
148966
149313
149596
149811
149956
150033
150045
150002
149924
149837
149784
149902
150427
138092
139026
139811
140631
141420
142200
142962
143708
144435
145141
145823
146478
147103
147694
148245
148753
149210
149613
149955
150232
150440
150578
150647
150650
150599
150517
150434
150401
150558
151113
138942
139859
140620
141420
142189
142951
143695
144424
145135
145827
146496
147140
147755
148336
148880
149380
149831
150227
150563
150834
151035
151166
151227
151223
151166
151081
151002
150987
151178
151757
139764
140662
141397
142178
142926
143669
144396
145109
145805
146483
147139
147772
148376
148948
149483
149975
150418
150808
151138
151402
151597
151722
151776
151765
151704
151616
151541
151543
151763
152357
140499
141383
142094
142859
143587
144313
145023
145722
146404
147069
147714
148336
148930
149493
150020
150504
150941
151324
151647
151905
152095
152213
152261
152246
152180
152090
152018
152033
152278
152879
141119
141987
142679
143428
144139
144852
145548
146234
146904
147559
148194
148806
149393
149948
150467
150944
151375
151751
152068
152321
152505
152618
152661
152640
152571
152480
152410
152434
152695
153299
141646
142497
143172
143909
144606
145306
145991
146666
147327
147972
148599
149204
149783
150331
150843
151315
151739
152110
152422
152669
152848
152956
152994
152970
152897
152804
152735
152765
153039
153643
142119
142952
143613
144337
145021
145711
146385
147051
147703
148341
148960
149558
150130
150672
151178
151644
152062
152428
152735
152977
153151
153254
153289
153260
153185
153090
153021
153056
153340
153942
142569
143382
144030
144743
145415
146095
146759
147417
148060
148690
149302
149893
150458
150994
151495
151955
152368
152728
153029
153267
153436
153535
153565
153533
153455
153358
153289
153328
153619
154219
143013
143804
144441
145141
145802
146472
147127
147775
148411
149033
149637
150221
150781
151310
151805
152259
152666
153021
153317
153550
153714
153809
153835
153799
153717
153619
153550
153592
153890
154486
143451
144220
144846
145534
146184
146844
147489
148129
148756
149370
149967
150545
151097
151620
152109
152557
152959
153308
153599
153826
153986
154076
154097
154058
153973
153873
153803
153848
154151
154744
143886
144630
145246
145922
146561
147212
147847
148478
149097
149704
150293
150864
151409
151926
152408
152850
153246
153589
153875
154097
154251
154336
154353
154310
154222
154119
154049
154096
154403
154992
144314
145035
145642
146305
146934
147575
148200
148823
149432
150031
150613
151176
151715
152224
152700
153136
153526
153864
154143
154360
154509
154590
154602
154555
154464
154359
154288
154336
154646
155232
144746
145436
146037
146688
147306
147938
148554
149168
149769
150360
150934
151490
152021
152524
152993
153423
153806
154137
154411
154622
154765
154840
154848
154797
154702
154594
154521
154569
154881
155462
145160
145833
146420
147061
147668
148290
148895
149500
150091
150673
151238
151785
152308
152803
153265
153687
154064
154389
154657
154863
155001
155072
155076
155020
154922
154812
154738
154787
155100
155678
145537
146150
146734
147363
147962
148576
149174
149771
150356
150931
151490
152031
152548
153038
153494
153911
154283
154604
154867
155068
155203
155269
155270
155211
155110
154997
154921
154968
155280
155850
56309.5
58690.9
61162.4
63142.8
64929.4
66531.1
67988.2
69323.1
70557.6
71710.2
72796.7
73830.4
74822.5
75782.2
76716.7
77631.7
78532
79421.1
80302
81177.1
82048.6
82918.4
83788.3
84660.4
85536.4
86418.8
87310.6
88212.9
89126
90079
56246.6
58608.4
61068.8
63044.1
64826.8
66425.2
67879.2
69211.3
70443.2
71593.1
72676.9
73708
74697.5
75654.5
76586.2
77498.5
78396.1
79282.5
80160.8
81033.5
81902.7
82770.6
83638.8
84509.5
85384.5
86266.1
87157.5
88059.8
88971.3
89918.4
56146.7
58488.3
60935.6
62906.2
64685.5
66281.2
67733.1
69063.4
70293.8
71442.4
72525.3
73555.9
74545
75501.9
76433.8
77346.5
78244.7
79132
80011.5
80885.7
81756.7
82626.5
83497
84370
85247.3
86131
87023.8
87926
88831.2
89767
56073.8
58371.4
60788.4
62751.9
64527.4
66121.2
67571.9
68901.2
70130.8
71279.2
72361.9
73392.2
74381.4
75338.3
76270.3
77183.3
78081.9
78969.9
79850.2
80725.5
81598
82469.6
83342.2
84217.6
85097.4
85983.5
86878.7
87781.6
88680.7
89607.8
56042.8
58275.7
60644.2
62595.8
64365.4
65956.5
67405.4
68734.2
69964.3
71113.5
72197.7
73230.1
74221.6
75181.3
76116.5
77033.1
77935.7
78828
79713.1
80593.6
81471.6
82349
83227.8
84109.4
84995.5
85887.6
86788.2
87695.2
88595.9
89527.4
56036.8
58203.6
60516.8
62454
64216.9
65804.8
67252.9
68582.8
69814.9
70967
72054.6
73090.8
74086.6
75051
75991.1
76912.9
77820.9
78719
79610.2
80497
81381.7
82266.2
83152.2
84041.4
84935
85834.5
86742.1
87655.6
88566.6
89507.6
56044.7
58147.1
60402.6
62324.1
64079.1
65664.1
67112.6
68444.8
69680.5
70837.2
71930.2
72972.4
73974.8
74946
75893.5
76822.8
77738.6
78644.8
79544.2
80439.4
81332.6
82225.6
83120.1
84017.5
84919.1
85826.2
86740.1
87660.1
88584.9
89531.9
56060.3
58101.4
60299.4
62204.4
63950.7
65533.5
66983.5
68319.4
69560.4
70723.4
71823.6
72873.7
73884.3
74864.2
75820.4
76758.7
77683.5
78598.6
79506.8
80410.6
81312.1
82213
83114.8
84018.9
84926.4
85838.3
86755.2
87677.9
88612.7
89557.5
56078.4
58062.4
60204.9
62092.9
63830.4
65411.8
66864.2
68205
69452.6
70623.6
71732.5
72791.9
73812.3
74802.1
75768.2
76716.2
77650.5
78574.6
79491.4
80403.1
81311.7
82218.9
83125.9
84034.1
84944.5
85858
86774.2
87695.5
88634.2
89570.9
56094.9
58026.6
60116
61986.8
63715.3
65296
66751.8
68098.7
69354.2
70534.2
71653.2
72723.1
73754.1
74754.6
75731
76688.9
77632.4
78564.8
79489.1
80407.2
81321
82232.1
83141.6
84050.8
84960.7
85871.9
86783.6
87699.1
88635.1
89559.6
56109
57991.1
60027.3
61879.3
63598.8
65179.3
66639.4
67993.6
69258.3
70449
71579.4
72661
73703.7
74715.3
75702.4
76669.9
77621.9
78561.7
79491.8
80414.2
81330.8
82243
83151.9
84058.7
84964.6
85870.1
86774.1
87680.4
88609.5
89521.3
56120.5
57951.7
59932
61762.2
63472.1
65052.9
66518.4
67881.6
69157.6
70360.9
71504.4
72599.4
73654.9
74678.5
75676.3
76653.1
77612.8
78558.3
79492.1
80416.4
81332.7
82242.5
83147.1
84047.6
84945.3
85841.1
86733.3
87626.5
88543.4
89441
56126.8
57902.7
59821.7
61626.1
63325.2
64906.7
66379.2
67753.4
69043
70261.2
71419.9
72529.7
73598.9
74634.8
75642.9
76627.7
77592.9
78541.5
79476
80398.3
81310.3
82213.5
83109.4
83999.4
84885
85767.3
86644.9
87522.3
88425.6
89311.8
56118.1
57835.9
59692.6
61468.7
63157.2
64740.2
66221
67608
68912.7
70147
71321.9
72446.7
73529.3
74576.3
75592.8
76583.3
77551.2
78499.5
79430.9
80347.4
81251.1
82143.9
83027.5
83903.3
84773.3
85638.8
86498.5
87356.3
88240.6
89110.1
56083.6
57747
59546.6
61297.2
62976.6
64561.7
66051.4
67451.2
68770.9
70020.8
71210.6
72348.9
73443
74498.8
75521.2
76514.6
77482.5
78427.9
79353.6
80262.1
81155.6
82036.3
82906.1
83766.7
84620
85467.7
86308.4
87144.8
88006.8
88856.6
56023
57636.8
59385.9
61114.8
62786.2
64373.8
65871.8
67283.6
68616.9
69880.6
71083.3
72232.9
73335.8
74397.7
75423.4
76417
77382.2
78322.4
79240.3
80139
81020.7
81888
82742.9
83587.4
84423.5
85252.9
86074.3
86889.1
87728.6
88561.4
55936.9
57505.3
59210
60919.3
62583.8
64173.6
65679.3
67101.9
68447.2
69722.8
70936.3
72094.6
73203.9
74269.5
75296
76287.6
77248.1
78180.9
79089.5
79976.7
80845.5
81698.4
82537.6
83365.3
84183.6
84994.3
85796.4
86589.9
87406.5
88223.9
55825
57351.6
59017.1
60708.9
62367.2
63959.1
65471.8
66903.9
68259.6
69545.2
70767.4
71932.4
73046
74113.1
75138.4
76126.1
77080.2
78004.4
78902.3
79777.1
80632
81469.8
82292.9
83103.6
83903.9
84696
85479.3
86252.3
87046
87849.3
55687.8
57175.8
58806.3
60482.5
62135.3
63729
65247.7
66688
68052.5
69346.3
70575.3
71745.2
72861.1
73928
74950.5
75932.8
76879.3
77793.7
78680
79541.7
80382.2
81204.5
82011.3
82804.9
83587.5
84361.3
85126.3
85879.8
86651.1
87441
55526.1
56978.4
58577.8
60239.7
61887.4
63482.5
65006.2
66453.4
67825.1
69125.5
70359.6
71532.5
72649.2
73714.5
74732.8
75708.7
76646.5
77550.5
78424.5
79272.7
80098.4
80905
81695.5
82472.2
83237.5
83993.5
84741
85476
86225.3
87003
55340.9
56760.3
58331.7
59980.7
61623.3
63219.1
64746.7
66199.3
67576.7
68882
70119.6
71294.1
72410.2
73472.6
74485.8
75454.4
76382.8
77275.6
78137.1
78971.3
79782.1
80573
81347.1
82107.3
82855.6
83594.5
84325.2
85043.1
85771
86537.9
55133.7
56523
58069.6
59706.5
61343.9
62939.4
64469.6
65926
67307.4
68616.1
69855.6
71030.4
72144.8
73203.4
74210.7
75171.4
76090.1
76971.5
77820.1
78640.3
79436.1
80211.4
80969.6
81713.4
82445.3
83167.6
83882
84583.6
85290.2
86048.2
54906.9
56269.2
57794.1
59420
61051.8
62645.9
64177.1
65635.5
67019.1
68329.2
69569.1
70742.7
71854.2
72908
73908.6
74860.8
75769.3
76639
77474.6
78280.6
79061.6
79821.3
80563.5
81291.2
82007
82713.3
83412.1
84099.3
84785.1
85539.5
54677.6
56018.7
57526.1
59143
60769.7
62361.9
63892.7
65351.6
66735.6
68045.7
69284.6
70456
71564
72612.7
73606.8
74550.9
75450
76308.9
77132.5
77925.6
78692.7
79438.1
80165.5
80878.4
81579.4
82270.8
82954.8
83628.8
84292
85041.1
54467
55793.3
57288.2
58898.5
60521.1
62111.4
63641.1
65099.4
66482.6
67791.5
69028.5
70197.1
71301.3
72345.2
73333.4
74270.5
75161.4
76011.2
76824.8
77607.1
78362.7
)
;

boundaryField
{
    front
    {
        type            wedge;
    }
    back
    {
        type            wedge;
    }
    bottomwall
    {
        type            calculated;
        value           nonuniform List<scalar> 
30
(
145681
146282
146855
147481
148076
148686
149281
149875
150457
151028
151585
152122
152637
153124
153578
153993
154362
154681
154943
155142
155275
155340
155339
155280
155178
155064
154988
155035
155347
155913
)
;
    }
    topwall
    {
        type            calculated;
        value           nonuniform List<scalar> 
30
(
52506.3
53810.6
55284
56879.6
58489.5
60068.1
61584.6
63026.3
64388.1
65669.5
66872.3
67999.6
69054.9
70042.5
70967.1
71833.6
72647.2
73413.5
74137.7
74825.2
75481
76110.2
76717
77306.7
77881.6
78451.2
79007.7
79582.4
80116.1
80706.2
)
;
    }
    reflector
    {
        type            calculated;
        value           nonuniform List<scalar> 
95
(
91042.8
91789.2
92550.9
93315.2
94086
94862.7
95645.5
96434.8
97230.6
98033
98842.4
99658.7
100482
101313
102150
102995
103847
104706
105571
106442
107319
108200
109085
109975
110867
111762
112658
113556
114455
115354
116254
117155
118054
118951
119872
120990
122130
123299
124447
125583
126698
127788
128847
129871
130857
131802
132701
133556
134364
135128
135850
136534
137182
137797
138381
138931
139444
139899
140271
140536
140647
140570
140243
138689
135074
56384.3
58744.8
61211.9
63192.8
64980.8
66584.3
68043.1
69379.8
70615.9
71769.9
72857.7
73892.6
74885.9
75846.5
76781.8
77697.6
78598.4
79487.9
80369.1
81244.4
82116
82985.7
83855.5
84727.4
85603.1
86485.2
87376.8
88278.9
89192.5
90153.2
)
;
    }
    hx
    {
        type            calculated;
        value           nonuniform List<scalar> 
276
(
66111.3
65962.2
67296.2
72481
82473.5
92587.3
103117
113998
125076
136179
147194
158066
168813
179410
189971
200370
206468
207591
210038
209097
190009
186318
185844
184301
182687
181358
180140
178941
177751
176565
175378
174185
172984
171776
170562
169341
168115
166885
165653
164419
163185
161954
160727
159507
158298
157107
155941
154813
153739
152746
151874
151174
150760
150621
151575
150909
160007
161698
162943
65769.7
163245
65655.7
163406
65515.9
163291
65413.3
162993
65353.7
162535
65333.5
161919
65324.6
161141
65212.7
160202
60081.8
159503
158105
158998
160016
160809
161391
161781
161978
161966
161669
161202
160105
158277
148480
149415
148688
149112
149801
150748
151835
153008
154233
155488
156760
158041
159327
160616
161908
163202
164499
165799
167105
168417
169737
171069
172414
173778
175163
176578
178028
179526
181085
182723
184454
186318
188443
190786
192551
195148
206963
206661
204124
202401
195974
185391
174906
164573
154326
144141
133987
123854
113728
103611
93490.3
83379.2
73249.1
67623.6
65780.2
65792.1
65794.7
65798.9
65805.2
65814.1
65821.7
65833.3
65832.7
66411.5
65846
50610
52457.2
53746.2
54473.4
54907.7
55108.5
55110.6
54973.5
54512.3
52187.1
46063.8
55880.1
55002.5
54030.7
53305.4
52733.3
52312.2
52025.4
51863.6
51816.9
51847.7
51888.3
156932
139831
157493
140072
158162
140523
158927
140668
159790
140673
160748
140519
161799
140165
162916
139578
164039
138470
165355
134694
167348
124523
58891.3
57329.5
55812.3
54390
53061.2
51817.6
50647.2
49539.5
48485.2
47480.1
46551
45743.3
44837.3
42912.7
40036.8
70190.4
69350.2
68380.9
67236.7
66052.6
64862.5
63707.8
62614.1
61602.8
60688.7
59890.9
59236.2
58615.2
58242.8
60087
67712.4
65025.5
67810.8
63807.2
68261.3
62512.6
69698.7
60819.1
165552
128413
166037
128275
165649
128346
165295
128362
164618
128386
163748
128428
162633
128521
161294
128712
159725
129060
157938
129642
155985
130538
153877
131807
151695
133479
149395
135554
147158
137721
145332
138172
144192
136797
142740
134141
141635
131547
136147
124475
)
;
    }
}


// ************************************************************************* //
