/*--------------------------------*- C++ -*----------------------------------*\
| =========                 |                                                 |
| \\      /  F ield         | OpenFOAM: The Open Source CFD Toolbox           |
|  \\    /   O peration     | Version:  2406                                  |
|   \\  /    A nd           | Website:  www.openfoam.com                      |
|    \\/     M anipulation  |                                                 |
\*---------------------------------------------------------------------------*/
FoamFile
{
    version     2.0;
    format      ascii;
    arch        "LSB;label=32;scalar=64";
    class       volScalarField;
    location    "0/fluidRegion";
    object      p_rgh;
}
// * * * * * * * * * * * * * * * * * * * * * * * * * * * * * * * * * * * * * //

dimensions      [1 -1 -2 0 0 0 0];

internalField   nonuniform List<scalar> 
8595
(
100000
99989.2
103949
112726
121618
130914
140557
150405
160288
170093
179762
189309
198704
208070
217262
222152
222037
223080
220815
200813
196023
194338
191586
188763
186223
183795
181386
178987
176593
174197
171796
169387
166972
164549
162121
159688
157251
154811
152370
149929
147490
145055
142628
140213
137815
135443
133108
130828
128631
126555
124654
123041
121711
121476
119693
127522
127996
99926.6
99894.4
103893
112684
121582
130887
140536
150384
160267
170072
179741
189292
198694
208059
217251
222137
222011
223043
220898
200427
195941
194290
191546
188737
186206
183783
181377
178981
176589
174194
171794
169386
166971
164549
162120
159687
157250
154810
152369
149928
147489
145054
142626
140210
137811
135437
133099
130815
128611
126525
124609
122973
121602
121324
119235
127423
127906
99929.4
99871.9
103897
112684
121557
130841
140475
150310
160188
169993
179670
189230
198639
208009
217201
222084
221931
222948
220859
199604
195638
194158
191469
188698
186190
183778
181379
178985
176594
174200
171799
169390
166975
164552
162123
159690
157252
154811
152370
149928
147489
145053
142625
140207
137806
135430
133088
130800
128588
126490
124555
122890
121468
121140
118755
127383
127822
99889.5
99800.6
103864
112649
121512
130799
140439
150275
160153
169964
179644
189205
198617
207984
217183
222069
221928
223060
221080
198803
195296
194030
191393
188655
186169
183769
181375
178985
176596
174202
171801
169393
166977
164554
162125
159691
157253
154812
152370
149927
147487
145051
142621
140202
137798
135418
133071
130773
128548
126430
124463
122752
121248
120837
118122
127191
127531
99862
99739.3
103836
112617
121478
130766
140416
150260
160140
169950
179629
189185
198598
207963
217174
222076
221973
223275
221386
197928
194832
193849
191288
188591
186137
183755
181371
178986
176600
174207
171807
169398
166982
164558
162128
159694
157255
154813
152370
149927
147486
145048
142617
140195
137788
135403
133048
130740
128498
126355
124349
122578
120972
120452
117371
126881
127071
99846
99705
103823
112598
121468
130764
140422
150266
160141
169943
179613
189163
198577
207943
217173
222104
222063
223574
221758
197011
194295
193646
191175
188521
186102
183741
181367
178988
176604
174213
171813
169404
166987
164562
162132
159696
157257
154814
152370
149926
147484
145044
142611
140186
137775
135384
133021
130699
128437
126262
124208
122365
120637
119981
116486
126444
126429
99846
99700.4
103836
112613
121495
130814
140468
150298
160152
169934
179591
189131
198548
207922
217180
222156
222198
223943
222184
196068
193709
193424
191051
188445
186065
183726
181363
178990
176610
174220
171820
169411
166993
164568
162136
159700
157259
154816
152371
149925
147481
145040
142604
140176
137761
135362
132989
130652
128366
126156
124047
122120
120251
119434
115452
125867
125580
99850
99721
103891
112674
121586
130912
140546
150342
160162
169914
179552
189083
198506
207894
217192
222229
222369
224364
222651
195116
193111
193194
190920
188364
186026
183710
181360
178994
176617
174229
171829
169419
167001
164574
162141
159704
157262
154817
152371
149924
147479
145035
142597
140165
137744
135338
132953
130598
128287
126037
123866
121845
119817
118814
114251
125138
124490
99895.5
99789.2
103972
112789
121730
131039
140635
150381
160151
169865
179482
189007
198442
207856
217204
222318
222565
224815
223155
194155
192554
192976
190794
188292
185993
183699
181361
179001
176627
174240
171839
169429
167009
164581
162147
159708
157265
154819
152371
149923
147476
145030
142589
140153
137726
135311
132914
130541
128201
125909
123672
121552
119352
118146
112891
124254
123113
99749
99776.8
104094
112930
121890
131178
140722
150399
160105
169770
179360
188880
198335
207788
217198
222408
222749
225245
223716
193119
192046
192738
190648
188214
185960
183689
181364
179011
176640
174253
171853
169441
167019
164590
162154
159713
157269
154821
152372
149922
147472
145025
142580
140139
137706
135282
132871
130478
128107
125768
123458
121227
118834
117399
111286
123156
121329
119371
121620
123181
124323
125146
125721
126098
126309
126343
126377
121144
122488
123495
124282
124866
125279
125547
125694
125710
125772
108395
110352
111880
113158
114203
115066
115782
116378
116838
117238
115177
116043
116777
117431
117979
118427
118777
119037
119190
119297
117070
117625
118100
118526
118886
119183
119415
119588
119691
119763
119796
120118
120398
120651
120866
121043
121180
121282
121341
121383
122311
122505
122675
122829
122959
123067
123150
123212
123248
123273
124848
124963
125065
125157
125235
125300
125350
125387
125408
125424
127374
127442
127502
127557
127603
127641
127671
127693
127706
127715
129896
129935
129970
130002
130029
130052
130069
130082
130089
130095
132414
132435
132455
132473
132489
132502
132511
132519
132523
132526
134926
134938
134949
134959
134967
134974
134979
134984
134986
134988
137435
137441
137446
137451
137455
137459
137462
137464
137465
137466
139939
139942
139945
139947
139949
139951
139952
139954
139954
139955
142441
142442
142444
142445
142446
142447
142447
142448
142447
142448
144941
144942
144942
144943
144944
144944
144944
144945
144944
144945
147439
147441
147441
147442
147443
147443
147443
147444
147443
147444
149938
149940
149941
149943
149943
149944
149944
149945
149944
149945
152437
152441
152443
152445
152446
152448
152448
152449
152448
152450
154939
154944
154947
154950
154952
154954
154955
154956
154956
154958
157443
157450
157455
157460
157463
157466
157467
157469
157469
157470
159952
159962
159969
159975
159980
159983
159986
159988
159988
159990
162467
162480
162489
162498
162504
162509
162512
162515
162516
162518
164989
165006
165018
165030
165038
165045
165049
165053
165054
165057
167520
167542
167558
167573
167584
167593
167600
167605
167607
167610
170062
170092
170112
170132
170147
170158
170167
170173
170177
170181
172618
172657
172683
172709
172729
172744
172756
172764
172769
172774
175191
175241
175276
175310
175335
175356
175372
175382
175390
175395
177783
177850
177896
177940
177973
178000
178022
178036
178047
178053
180400
180487
180549
180606
180651
180687
180716
180735
180751
180758
183045
183162
183243
183319
183379
183428
183466
183492
183516
183523
185725
185880
185990
186090
186171
186236
186289
186325
186358
186367
188435
188642
188791
188924
189034
189123
189194
189244
189292
189303
191173
191450
191656
191837
191990
192114
192214
192286
192355
192371
194026
194406
194690
194935
195143
195315
195457
195565
195671
195695
197025
197519
197895
198213
198486
198715
198905
199052
199200
199233
198880
199513
200086
200597
201048
201426
201730
201954
202161
202193
199659
200855
201803
202601
203315
203971
204581
205148
205718
205946
218497
218148
218023
217962
217946
217979
218071
218255
218613
218754
218950
218743
218661
218648
218679
218756
218886
219097
219460
219665
217887
217758
217728
217753
217812
217901
218023
218184
218408
218499
217568
217488
217490
217530
217596
217682
217776
217884
218018
218075
212542
212493
212502
212538
212587
212643
212709
212778
212854
212881
203295
203267
203281
203309
203344
203385
203427
203466
203505
203518
194101
194086
194096
194116
194141
194170
194198
194221
194241
194250
185041
185034
185042
185056
185073
185091
185107
185119
185123
185130
176045
176042
176048
176058
176069
176080
176088
176093
176088
176093
167104
167101
167103
167108
167114
167119
167121
167121
167111
167116
158176
158172
158172
158174
158177
158179
158179
158177
158165
158170
149258
149253
149252
149253
149255
149255
149254
149251
149239
149244
140341
140336
140335
140335
140336
140336
140334
140332
140320
140326
131427
131422
131422
131422
131423
131423
131422
131421
131409
131416
122508
122504
122504
122504
122505
122506
122505
122505
122495
122502
113594
113592
113592
113593
113595
113597
113597
113599
113590
113598
104671
104668
104667
104668
104669
104671
104671
104674
104666
104675
100220
100221
100221
100225
100231
100238
100243
100252
100246
100258
100246
100244
100242
100242
100242
100244
100244
100248
100243
100251
94552.1
96241.3
97330.1
97843.7
98061.4
98044.1
97827.7
97473
96793.6
94282.2
88759
94595.9
96265.2
97343
97854.3
98070.3
98051.1
97833
97477.6
96784.7
94362.5
90245.2
94652.4
96293.9
97357.3
97870.2
98089.6
98074.5
97863.6
97517.9
96820.3
94578.5
91694.6
94870.6
96406.4
97415.3
97915.6
98130.6
98116.5
97914.9
97583.9
96902.7
94967.6
93134.1
95238.6
96605.6
97526.9
97999.8
98204
98189.6
97999
97682.5
97034.8
95441.5
94337.3
95677.9
96862
97681.2
98115.7
98302.7
98285.7
98105.6
97804.5
97203
95912.2
95269.8
96162.1
97164.6
97875.1
98263.1
98427.6
98405.3
98234.5
97949.8
97403.9
96371.1
96029.6
96672.2
97503.4
98104.2
98439.8
98577.6
98547.2
98383.8
98116.2
97629.3
96811.3
96671.3
97194
97869.1
98363.1
98643.1
98750.7
98710
98552
98301.4
97872.4
97230.6
97227.3
97722.4
98256.9
98648.9
98871.4
98946.6
98893.1
98738.6
98504.5
98130.3
97632.7
97723.6
98282.7
98684.5
98975.4
99137.1
99176.4
99107.5
98954.4
98736.3
98414.9
98040.1
98198.3
98913.5
99183.1
99368.7
99462.9
99460.5
99372.1
99217.8
99015.5
98746.1
98479.1
98684.2
99651.8
99786.3
99859.9
99877
99824.8
99710.6
99551.1
99363
99143.8
98970.4
99203.4
100465
100474
100437
100371
100263
100117
99947
99769.1
99592.1
99490
99730.7
101270
101173
101036
100893
100729
100548
100363
100189
100041
99984
100216
102038
101853
101629
101415
101197
100981
100778
100602
100470
100438
100652
102772
102512
102211
101931
101661
101409
101184
101001
100875
100853
101044
103475
103148
102776
102434
102114
101826
101577
101382
101255
101233
101397
104147
103759
103321
102921
102552
102226
101952
101741
101606
101578
101714
104789
104344
103842
103385
102969
102605
102304
102075
101929
101889
101997
105404
104903
104339
103826
103362
102962
102632
102383
102222
102168
102249
105994
105437
104808
104241
103730
103292
102935
102664
102487
102416
102472
106558
105945
105249
104627
104071
103597
103211
102919
102724
102636
102669
107054
106391
105630
104958
104360
103853
103443
103131
102920
102816
102829
107452
106749
105928
105214
104582
104049
103618
103291
103066
102949
102946
107776
107038
106164
105415
104753
104199
103752
103412
103177
103050
103034
108058
107284
106361
105580
104893
104321
103861
103510
103267
103129
103102
108320
107504
106535
105723
105014
104426
103954
103595
103343
103197
103159
108568
107707
106692
105850
105120
104518
104035
103668
103411
103256
103207
108798
107889
106829
105959
105211
104596
104104
103731
103468
103305
103244
109007
108046
106944
106049
105284
104659
104161
103783
103517
103346
103272
109190
108177
107036
106118
105341
104707
104204
103824
103555
103378
103288
109342
108279
107106
106170
105382
104743
104236
103853
103584
103401
103289
109418
108325
107136
106192
105400
104759
104252
103870
103602
103414
103276
109460
108354
107158
106209
105414
104771
104262
103878
103609
103419
103251
118781
117888
117945
118023
118027
118063
118152
118271
118403
118538
118668
118795
118912
119014
119089
119124
119130
119118
119089
119063
118990
118839
118651
118421
118164
117870
117529
117138
116702
116241
115799
115428
115043
114680
115272
122010
121201
120605
120124
119717
119375
119084
118828
118593
118357
118102
117820
117524
117262
117041
116845
116679
116553
116472
116455
116480
116547
116673
116821
116960
117079
117183
117287
117403
117552
117773
118112
118529
118994
119661
109992
109292
108511
107747
107045
106407
105834
105326
104884
104496
104133
103780
103439
103145
102931
102778
102678
102621
102593
102582
102544
102490
102470
102500
102584
102722
102921
103197
103555
103999
104538
105180
105798
106298
106819
116892
116539
116114
115690
115278
114880
114498
114134
113788
113448
113097
112725
112345
112007
111730
111507
111338
111219
111150
111132
111162
111246
111392
111579
111782
111995
112224
112479
112762
113074
113412
113780
114135
114419
114653
118472
118243
117961
117677
117402
117134
116876
116629
116394
116165
115927
115674
115409
115164
114961
114796
114671
114583
114533
114521
114544
114603
114701
114823
114952
115087
115232
115394
115572
115766
115974
116197
116408
116576
116718
121006
120861
120679
120496
120315
120137
119962
119793
119629
119466
119294
119107
118908
118721
118562
118430
118327
118253
118207
118192
118205
118248
118318
118405
118495
118587
118683
118788
118902
119023
119152
119287
119414
119515
119597
123311
123216
123095
122973
122852
122732
122614
122499
122388
122276
122157
122027
121887
121754
121639
121541
121464
121406
121368
121351
121354
121376
121417
121469
121523
121579
121638
121702
121771
121844
121922
122004
122080
122141
122191
125671
125608
125527
125446
125364
125283
125204
125125
125048
124971
124889
124798
124699
124604
124520
124448
124389
124344
124312
124294
124290
124299
124320
124350
124381
124414
124448
124486
124527
124571
124617
124666
124711
124748
124777
128042
128000
127946
127891
127835
127780
127726
127672
127619
127566
127509
127445
127376
127308
127247
127195
127150
127115
127089
127071
127063
127064
127073
127088
127105
127122
127142
127163
127187
127212
127239
127267
127294
127315
127332
130434
130405
130368
130331
130293
130256
130218
130181
130145
130108
130068
130023
129974
129926
129882
129843
129810
129782
129761
129745
129736
129732
129734
129740
129747
129756
129766
129778
129790
129804
129819
129835
129850
129862
129872
132841
132822
132797
132771
132745
132719
132693
132668
132642
132617
132589
132557
132523
132488
132456
132428
132403
132381
132364
132350
132341
132335
132333
132334
132337
132340
132345
132350
132357
132364
132372
132380
132388
132395
132400
135262
135248
135231
135213
135196
135178
135160
135142
135124
135106
135087
135065
135040
135015
134992
134971
134953
134936
134922
134911
134902
134896
134892
134891
134891
134892
134893
134895
134898
134901
134905
134909
134913
134917
134919
137692
137683
137671
137659
137647
137634
137622
137610
137597
137585
137571
137556
137538
137521
137504
137489
137475
137463
137452
137443
137435
137429
137425
137423
137422
137421
137421
137422
137422
137424
137425
137427
137429
137430
137431
140130
140124
140116
140107
140099
140090
140082
140074
140065
140057
140047
140036
140024
140012
140000
139989
139980
139971
139963
139956
139950
139945
139941
139939
139937
139936
139936
139935
139935
139935
139936
139936
139937
139938
139938
142573
142569
142564
142558
142553
142547
142541
142536
142530
142525
142518
142511
142503
142495
142487
142480
142473
142467
142461
142456
142452
142448
142446
142444
142442
142441
142441
142440
142440
142440
142440
142440
142440
142440
142441
145021
145018
145015
145011
145008
145004
145001
144997
144994
144990
144986
144982
144977
144972
144967
144963
144959
144955
144952
144949
144946
144944
144943
144942
144941
144940
144940
144940
144940
144940
144940
144940
144940
144940
144940
147470
147469
147467
147465
147463
147462
147460
147458
147456
147454
147453
147450
147448
147446
147444
147442
147440
147439
147437
147436
147436
147435
147435
147435
147435
147435
147436
147436
147436
147437
147437
147438
147438
147438
147439
149921
149921
149920
149920
149919
149919
149919
149918
149918
149918
149917
149917
149917
149917
149917
149918
149918
149919
149920
149921
149922
149923
149925
149926
149927
149928
149929
149930
149931
149932
149933
149934
149935
149936
149936
152373
152373
152374
152374
152375
152376
152376
152377
152378
152379
152381
152382
152384
152387
152389
152392
152395
152397
152400
152404
152407
152410
152413
152416
152418
152420
152422
152424
152426
152428
152430
152431
152433
152434
152435
154823
154824
154826
154827
154829
154831
154833
154835
154837
154840
154843
154846
154850
154855
154859
154864
154869
154875
154880
154885
154891
154896
154901
154906
154909
154913
154916
154919
154922
154924
154927
154930
154932
154934
154935
157272
157274
157276
157279
157282
157285
157288
157291
157295
157298
157303
157308
157314
157321
157328
157335
157343
157351
157358
157366
157374
157382
157389
157396
157401
157406
157410
157415
157419
157423
157427
157431
157434
157436
157438
159717
159720
159724
159727
159731
159736
159740
159745
159749
159754
159760
159767
159776
159785
159795
159805
159815
159826
159836
159847
159858
159868
159878
159887
159895
159901
159907
159913
159919
159924
159930
159935
159939
159943
159945
162159
162163
162167
162172
162178
162183
162189
162195
162201
162207
162215
162224
162235
162247
162260
162273
162286
162300
162314
162328
162342
162356
162369
162381
162390
162399
162407
162415
162422
162429
162437
162444
162450
162454
162458
164596
164600
164606
164612
164619
164625
164632
164640
164648
164656
164665
164677
164690
164706
164722
164739
164756
164773
164790
164808
164826
164844
164861
164876
164889
164900
164910
164920
164930
164940
164949
164958
164966
164972
164977
167027
167032
167039
167046
167054
167062
167070
167079
167089
167099
167110
167124
167141
167160
167180
167201
167222
167243
167266
167288
167311
167333
167355
167375
167391
167405
167418
167431
167444
167456
167468
167480
167490
167498
167504
169449
169455
169463
169472
169481
169490
169500
169511
169522
169534
169548
169564
169585
169608
169632
169658
169684
169710
169738
169766
169794
169823
169851
169875
169896
169914
169931
169947
169963
169979
169995
170010
170024
170034
170042
171862
171869
171878
171887
171898
171909
171920
171933
171945
171959
171976
171995
172020
172048
172077
172107
172139
172172
172206
172241
172276
172312
172347
172378
172405
172427
172449
172470
172491
172511
172531
172551
172568
172582
172592
174263
174270
174280
174291
174302
174314
174327
174341
174355
174371
174390
174413
174442
174475
174510
174546
174585
174625
174667
174710
174755
174800
174844
174883
174916
174945
174973
175000
175026
175052
175078
175104
175126
175143
175156
176650
176657
176667
176677
176689
176702
176716
176731
176748
176765
176786
176813
176846
176884
176926
176970
177017
177066
177117
177170
177225
177282
177338
177387
177429
177467
177501
177536
177570
177604
177637
177670
177699
177721
177739
179019
179025
179034
179044
179055
179068
179083
179099
179116
179135
179158
179188
179225
179270
179318
179371
179427
179487
179550
179616
179684
179755
179825
179888
179942
179990
180034
180079
180123
180167
180210
180252
180290
180319
180342
181367
181371
181377
181385
181395
181407
181420
181435
181453
181473
181497
181529
181572
181623
181679
181741
181808
181881
181958
182040
182125
182214
182303
182383
182451
182512
182570
182627
182684
182741
182797
182852
182902
182940
182969
183685
183684
183685
183688
183693
183701
183712
183725
183741
183760
183785
183818
183864
183922
183987
184060
184141
184230
184325
184427
184534
184646
184759
184862
184950
185029
185103
185177
185251
185325
185398
185471
185536
185586
185625
185941
185932
185923
185917
185914
185915
185919
185927
185938
185954
185977
186009
186058
186122
186197
186284
186382
186491
186610
186739
186875
187020
187167
187301
187416
187519
187616
187713
187810
187907
188004
188100
188187
188252
188303
188167
188142
188115
188091
188073
188060
188053
188051
188055
188065
188083
188115
188165
188236
188322
188424
188540
188671
188816
188974
189143
189325
189511
189682
189831
189964
190091
190218
190346
190473
190601
190729
190844
190930
190998
190553
190501
190444
190394
190352
190317
190292
190275
190269
190273
190290
190324
190380
190457
190552
190665
190797
190948
191116
191300
191498
191709
191925
192123
192296
192454
192608
192764
192924
193087
193251
193418
193570
193687
193782
192605
192525
192433
192353
192283
192222
192171
192131
192103
192087
192085
192103
192153
192240
192358
192508
192689
192899
193135
193396
193678
193979
194285
194561
194795
195005
195206
195410
195617
195825
196034
196245
196438
196588
196711
191822
191670
191468
191288
191140
191023
190933
190863
190806
190754
190709
190690
190739
190881
191093
191361
191675
192031
192427
192862
193340
193869
194442
194994
195471
195886
196261
196621
196974
197319
197656
197990
198287
198494
198620
192336
191968
191609
191298
191041
190834
190676
190572
190534
190576
190702
190904
191141
191349
191548
191765
192011
192290
192602
192942
193301
193664
193985
194244
194501
194789
195124
195502
195915
196356
196824
197312
197756
198139
198538
224297
224520
224704
224859
224972
225048
225101
225125
225097
224993
224808
224547
224247
223970
223694
223405
223102
222784
222457
222130
221815
221531
221322
221195
221074
220934
220763
220574
220380
220184
219986
219792
219645
219502
219273
225495
225657
225825
225963
226066
226137
226179
226189
226168
226121
226042
225914
225716
225447
225130
224774
224386
223969
223528
223071
222601
222121
221649
221225
220878
220590
220339
220106
219888
219687
219504
219338
219204
219119
219069
222832
222894
222961
223009
223040
223052
223047
223024
222986
222934
222862
222758
222600
222385
222136
221863
221571
221261
220940
220610
220277
219943
219621
219342
219121
218941
218784
218638
218501
218375
218260
218156
218074
218022
217985
222470
222504
222535
222557
222567
222565
222549
222516
222468
222402
222310
222183
222010
221799
221562
221303
221025
220730
220421
220104
219781
219459
219153
218892
218684
218513
218363
218224
218097
217983
217882
217794
217729
217690
217658
217181
217172
217155
217130
217098
217058
217009
216951
216884
216806
216710
216585
216417
216215
215992
215751
215494
215223
214942
214653
214361
214070
213795
213564
213384
213240
213116
213005
212905
212818
212742
212677
212631
212604
212586
207734
207699
207651
207597
207538
207473
207402
207326
207243
207151
207041
206903
206727
206523
206306
206076
205834
205582
205323
205059
204795
204535
204294
204097
203946
203828
203728
203639
203561
203494
203438
203391
203358
203340
203327
198252
198199
198129
198054
197977
197895
197810
197721
197628
197529
197415
197274
197100
196902
196696
196480
196257
196026
195791
195554
195320
195091
194882
194715
194590
194493
194414
194345
194285
194235
194194
194160
194137
194125
194116
188786
188726
188646
188563
188478
188390
188300
188207
188113
188013
187900
187763
187595
187410
187221
187026
186825
186621
186414
186209
186008
185815
185641
185504
185405
185329
185268
185216
185172
185136
185106
185083
185067
185058
185052
179270
179212
179135
179055
178973
178890
178805
178719
178631
178539
178435
178311
178162
177998
177832
177662
177490
177316
177143
176972
176807
176649
176509
176399
176320
176261
176214
176174
176141
176114
176092
176075
176064
176057
176053
169699
169653
169591
169526
169460
169391
169321
169250
169177
169101
169015
168912
168788
168652
168515
168376
168236
168096
167957
167822
167691
167569
167462
167379
167319
167274
167238
167208
167182
167161
167144
167131
167121
167116
167111
160070
160046
160010
159972
159930
159886
159840
159791
159741
159688
159627
159553
159462
159360
159257
159152
159045
158939
158833
158731
158633
158542
158463
158401
158356
158322
158294
158270
158249
158232
158217
158204
158195
158190
158185
150414
150419
150419
150415
150407
150395
150378
150358
150336
150309
150277
150236
150181
150118
150050
149979
149906
149831
149757
149684
149615
149549
149492
149446
149411
149385
149362
149343
149326
149311
149297
149286
149277
149272
149267
140790
140829
140869
140904
140932
140954
140970
140981
140986
140988
140986
140977
140958
140930
140896
140856
140812
140765
140717
140668
140621
140575
140534
140500
140474
140453
140436
140420
140405
140392
140380
140369
140360
140355
140350
131295
131362
131439
131509
131569
131621
131665
131703
131733
131760
131782
131801
131812
131813
131805
131789
131768
131742
131712
131681
131649
131618
131588
131563
131543
131526
131512
131499
131486
131475
131464
131454
131446
131440
131436
122035
122121
122219
122308
122388
122458
122520
122574
122620
122662
122700
122736
122765
122784
122792
122790
122781
122766
122747
122725
122701
122676
122652
122631
122614
122600
122587
122575
122564
122554
122544
122535
122527
122522
122517
113083
113167
113262
113350
113430
113502
113567
113624
113674
113719
113761
113801
113835
113857
113868
113868
113861
113846
113827
113804
113780
113754
113729
113708
113691
113677
113665
113654
113644
113635
113627
113619
113612
113607
113603
104293
104383
104479
104567
104646
104718
104781
104837
104885
104928
104967
105001
105028
105041
105042
105031
105012
104986
104954
104920
104885
104849
104816
104789
104769
104752
104739
104727
104716
104707
104699
104693
104687
104683
104679
100059
100161
100278
100384
100478
100561
100631
100690
100738
100777
100808
100830
100838
100829
100805
100768
100722
100669
100611
100551
100492
100435
100383
100343
100313
100292
100275
100261
100251
100244
100239
100236
100233
100231
100228
100345
100542
100741
100898
101021
101117
101191
101246
101284
101309
101320
101314
101286
101235
101168
101088
100999
100904
100806
100709
100614
100525
100446
100386
100343
100313
100291
100275
100265
100259
100258
100258
100257
100256
100248
105637
105630
105612
105585
105548
105501
105444
105377
105299
105206
105088
104929
104713
104445
104139
103797
103422
103017
102584
102126
101643
101142
100644
100203
99834.4
99516.9
99227.6
98953.3
98697
98464.9
98264.9
98108.2
98023.6
98015.4
98008.3
105976
105968
105943
105911
105869
105817
105756
105683
105598
105498
105369
105197
104961
104668
104334
103961
103557
103125
102668
102189
101687
101169
100654
100194
99809.6
99479
99182.5
98907.8
98658.7
98441.5
98263.4
98131.3
98058.3
98050.1
98047.8
106423
106414
106380
106342
106293
106235
106166
106085
105992
105882
105741
105552
105293
104971
104606
104200
103764
103301
102815
102308
101782
101245
100717
100255
99874.4
99553.2
99270.8
99015.8
98791.9
98603.7
98456.7
98352.9
98297.4
98289.3
98286
106965
106953
106910
106864
106809
106743
106667
106577
106475
106353
106198
105989
105704
105351
104951
104508
104032
103530
103004
102458
101895
101320
100759
100271
99872.5
99538.8
99247.9
98986.7
98758.2
98566
98414.9
98303.5
98239.3
98220.5
98213.4
107604
107590
107535
107481
107417
107344
107258
107159
107046
106911
106740
106509
106194
105805
105364
104876
104354
103803
103228
102632
102017
101390
100777
100245
99811.6
99450.1
99135.7
98853.5
98607
98399.7
98236.6
98114.4
98044.6
98013.1
98001.3
108338
108320
108252
108187
108114
108031
107935
107825
107699
107550
107361
107105
106757
106327
105840
105301
104724
104115
103480
102822
102142
101446
100763
100168
99682
99275.2
98919.8
98600
98319.9
98084.5
97899.6
97761.1
97685.3
97643.1
97630.6
109164
109140
109056
108977
108893
108797
108689
108566
108426
108261
108050
107767
107383
106910
106371
105775
105135
104460
103755
103022
102263
101482
100710
100032
99475
99005.1
98591.6
98216.6
97885.4
97604.9
97382.4
97213.6
97121.5
97068.7
97059.4
110055
110025
109920
109826
109727
109618
109495
109356
109200
109016
108782
108469
108046
107527
106936
106280
105574
104826
104043
103225
102373
101488
100603
99818.4
99166.5
98612.5
98121
97672.2
97273.2
96933.8
96662.7
96453.5
96332.7
96262.3
96255.6
110951
110913
110787
110676
110561
110434
110293
110137
109963
109759
109502
109161
108706
108151
107516
106807
106037
105216
104350
103437
102475
101459
100423
99482.8
98682.3
97986.7
97356.1
96768.5
96237.6
95783.1
95422.9
95151.1
94999.6
94923.6
94932.5
112036
111969
111775
111603
111436
111266
111090
110906
110710
110491
110223
109872
109408
108837
108175
107419
106580
105677
104720
103707
102627
101465
100243
99082
98038.2
97075
96141.8
95203
94272
93378.7
92555.8
91817.1
91297.7
91027.2
90969.5
113710
113460
113094
112789
112524
112282
112053
111831
111606
111360
111066
110691
110209
109623
108933
108119
107195
106200
105157
104059
102887
101615
100251
98902.4
97626.6
96377.4
95087.4
93691.2
92175.5
90539.5
88766.2
86782.7
84765.7
82970.3
81422.1
97337.9
96421.9
95540.8
94737.2
94003.4
93325
92684.3
92065.3
91453.7
90840.8
90249.6
89723.8
89042.4
87330.6
85239.8
97415.4
96547.9
95714
94954.9
94262.9
93624.3
93022
92441
91867.6
91293.3
90741.3
90254.6
89612.6
88093.8
87133.5
97587.7
96790.9
96023.5
95324.9
94688
94100
93545.1
93009.5
92480.1
91949.5
91441.1
90992.1
90385.1
89119.4
88950.1
97814.1
97108.6
96425.7
95801.9
95231.8
94704.4
94205.6
93723.2
93245.8
92767.9
92313.7
91911.7
91369.2
90436
90763.1
98078.5
97475.3
96886.5
96345.3
95848.1
95385.9
94946.6
94519.4
94094.7
93668.7
93264.6
92901.3
92426.4
91783
92314.6
98338.8
97834.5
97337.1
96876.4
96449.9
96050.5
95668.1
95293.3
94918
94540.5
94181.4
93851.8
93439.9
93001.3
93570.1
98603.8
98194
97784.7
97401.6
97043.4
96704.4
96376
96050.4
95721
95387.3
95067.6
94768.1
94411.5
94110.2
94638.3
98873.4
98553.5
98228.2
97919.4
97626.5
97344.9
97067.6
96788.3
96501.4
96207.7
95922.8
95649.9
95339.2
95125.7
95579.9
99146.5
98911.8
98666.1
98427.7
98196.5
97969.1
97740
97503.8
97256.5
96999.3
96745.4
96496.3
96222.3
96061.6
96430.2
99424.3
99270.7
99100.4
98928.7
98756
98579.8
98396
98200.4
97990
97766.5
97540.8
97313.2
97068.1
96936.8
97218.6
99722.2
99649.7
99554.6
99449.3
99334.5
99209
99069.9
98914.4
98740.3
98549.6
98351.1
98143.9
97922.4
97805.1
97999.4
100063
100077
100061
100025
99971.3
99898.7
99806.3
99692.3
99555.7
99398.6
99227.7
99041.1
98838.9
98722.9
98827.5
100471
100580
100652
100692
100704
100688
100646
100576
100479
100357
100215
100049
99862.1
99736.1
99749.1
100936
101146
101308
101425
101503
101544
101551
101525
101467
101379
101264
101118
100942
100797
100726
101412
101718
101964
102152
102288
102379
102429
102441
102417
102359
102268
102140
101969
101804
101666
101883
102277
102599
102848
103036
103169
103255
103299
103303
103269
103199
103086
102920
102736
102548
102353
102828
103218
103520
103751
103920
104036
104106
104133
104121
104068
103967
103805
103607
103382
102821
103371
103823
104171
104438
104636
104777
104868
104915
104919
104881
104792
104633
104425
104177
103289
103908
104415
104801
105099
105320
105481
105589
105651
105669
105644
105566
105410
105197
104939
103756
104437
104994
105413
105734
105975
106151
106272
106347
106376
106361
106293
106142
105929
105674
104225
104962
105561
106006
106347
106602
106789
106921
107005
107043
107038
106980
106834
106625
106392
104698
105484
106120
106585
106940
107205
107401
107540
107631
107676
107678
107630
107490
107292
107100
105179
106007
106674
107154
107518
107789
107991
108135
108231
108281
108290
108252
108118
107934
107810
105637
106494
107185
107672
108041
108315
108519
108666
108765
108819
108833
108804
108676
108509
108480
106031
106906
107612
108101
108472
108747
108951
109099
109199
109256
109273
109252
109130
108978
109059
106370
107256
107971
108459
108830
109103
109307
109454
109555
109614
109634
109619
109501
109365
109563
106678
107570
108289
108775
109143
109415
109617
109764
109866
109925
109947
109937
109823
109704
110025
106976
107872
108592
109074
109439
109707
109908
110054
110155
110215
110239
110235
110123
110022
110479
107278
108174
108891
109368
109728
109992
110190
110335
110435
110495
110521
110521
110411
110331
110945
107584
108475
109185
109654
110008
110268
110463
110605
110704
110764
110791
110796
110687
110627
111424
107892
108772
109472
109932
110279
110533
110723
110863
110960
111019
111047
111057
110948
110908
111914
108200
109065
109750
110199
110537
110784
110970
111106
111200
111258
111286
111299
111191
111166
112411
108507
109349
110017
110452
110780
111019
111199
111329
111420
111475
111502
111516
111406
111391
112907
108817
109629
110275
110695
111011
111241
111413
111537
111623
111673
111697
111711
111600
111590
113376
109009
109802
110433
110843
111150
111374
111539
111658
111739
111785
111804
111814
111699
105241
105296
105355
105416
105477
105570
105822
105730
105660
105588
105520
105455
105392
105334
105279
105229
105184
105144
105109
105081
105058
105041
105032
105028
105031
105040
105054
105074
105099
105129
105163
105202
105244
105289
105337
105387
105440
105495
105550
105600
105675
106064
105964
105893
105820
105751
105685
105622
105563
105509
105459
105414
105374
105339
105311
105288
105272
105263
105261
105264
105273
105289
105309
105336
105367
105403
105442
105486
105532
105581
105631
105683
105737
105788
105824
105879
106410
106300
106226
106150
106079
106011
105947
105887
105831
105780
105734
105693
105657
105628
105606
105589
105580
105577
105581
105591
105607
105630
105658
105691
105728
105770
105815
105863
105913
105964
106016
106067
106114
106138
106175
106781
106675
106599
106523
106451
106382
106317
106256
106199
106146
106099
106057
106021
105991
105968
105952
105942
105940
105945
105956
105975
106000
106031
106067
106109
106155
106204
106256
106310
106365
106420
106474
106521
106551
106582
107166
107077
107002
106928
106856
106786
106720
106657
106598
106544
106495
106451
106414
106383
106359
106342
106332
106330
106335
106349
106369
106397
106430
106470
106516
106565
106619
106675
106734
106793
106852
106909
106962
107007
107042
107541
107476
107403
107332
107261
107192
107125
107061
107001
106945
106895
106850
106812
106780
106756
106739
106729
106727
106734
106749
106772
106802
106839
106883
106932
106987
107045
107106
107170
107234
107298
107360
107419
107481
107524
107908
107865
107794
107726
107657
107588
107520
107455
107394
107337
107285
107239
107200
107168
107143
107126
107116
107115
107123
107140
107165
107198
107238
107285
107339
107397
107460
107526
107595
107665
107734
107800
107866
107942
107992
108264
108239
108169
108104
108036
107967
107900
107834
107772
107714
107661
107614
107574
107541
107516
107499
107490
107490
107499
107518
107545
107581
107624
107675
107732
107795
107862
107933
108006
108080
108154
108225
108295
108382
108437
108630
108617
108546
108483
108415
108346
108278
108211
108148
108089
108035
107987
107946
107912
107887
107870
107862
107863
107874
107894
107924
107962
108009
108064
108125
108191
108263
108338
108416
108495
108574
108649
108725
108820
108880
109022
109016
108944
108881
108812
108743
108673
108606
108541
108480
108425
108376
108334
108300
108274
108258
108250
108253
108265
108288
108320
108362
108412
108470
108535
108606
108682
108762
108844
108929
109013
109093
109173
109276
109344
109457
109453
109377
109312
109241
109170
109099
109029
108962
108899
108842
108791
108748
108713
108687
108671
108665
108668
108683
108708
108743
108788
108842
108905
108974
109051
109132
109217
109306
109396
109487
109573
109660
109774
109857
109895
109900
109820
109754
109681
109607
109532
109460
109390
109324
109264
109211
109166
109130
109104
109088
109082
109088
109105
109132
109171
109219
109278
109344
109419
109501
109588
109679
109773
109869
109966
110058
110150
110270
110366
110302
110317
110231
110164
110087
110009
109931
109855
109781
109713
109650
109594
109547
109510
109482
109466
109461
109468
109487
109517
109559
109611
109673
109744
109824
109910
110002
110099
110198
110299
110400
110497
110590
110712
110816
110672
110694
110601
110531
110450
110368
110286
110205
110127
110055
109988
109930
109881
109841
109813
109796
109792
109800
109820
109853
109897
109952
110018
110093
110176
110267
110363
110464
110567
110672
110777
110877
110970
111091
111202
111007
111033
110933
110859
110773
110686
110599
110513
110431
110354
110284
110223
110171
110129
110100
110083
110078
110087
110109
110143
110189
110247
110316
110395
110482
110576
110676
110781
110887
110995
111102
111204
111298
111416
111534
111310
111339
111231
111153
111061
110969
110876
110785
110698
110617
110543
110478
110423
110379
110348
110330
110326
110335
110358
110393
110442
110502
110574
110655
110746
110844
110947
111055
111165
111275
111384
111488
111582
111696
111821
111581
111613
111497
111415
111316
111219
111120
111024
110932
110846
110768
110699
110641
110595
110562
110543
110539
110548
110572
110608
110659
110721
110795
110880
110973
111075
111181
111292
111405
111518
111629
111735
111829
111939
112070
111825
111860
111735
111649
111544
111441
111336
111234
111136
111045
110963
110890
110829
110781
110746
110726
110721
110730
110755
110793
110844
110909
110986
111073
111170
111274
111384
111498
111613
111728
111841
111950
112044
112149
112287
112042
112082
111946
111858
111745
111636
111525
111417
111314
111218
111131
111055
110991
110940
110903
110882
110876
110886
110910
110950
111003
111070
111149
111238
111338
111445
111558
111675
111794
111911
112026
112136
112232
112331
112477
112235
112280
112134
112043
111923
111808
111690
111576
111468
111367
111275
111195
111128
111075
111037
111014
111008
111017
111042
111083
111137
111206
111287
111380
111482
111592
111709
111829
111950
112070
112187
112298
112395
112486
112642
112403
112456
112299
112205
112077
111957
111832
111713
111599
111493
111398
111314
111244
111188
111148
111125
111118
111127
111153
111194
111250
111321
111404
111499
111604
111718
111837
111960
112084
112206
112324
112437
112535
112618
112787
112530
112600
112432
112338
112203
112077
111947
111822
111703
111593
111494
111407
111335
111277
111236
111211
111203
111213
111239
111281
111338
111411
111496
111593
111701
111817
111939
112065
112192
112316
112436
112548
112647
112717
112891
112629
112710
112533
112438
112296
112166
112031
111902
111779
111666
111564
111475
111400
111341
111299
111273
111265
111275
111301
111344
111402
111476
111563
111662
111772
111891
112015
112143
112272
112398
112518
112629
112730
112785
112961
112707
112795
112609
112514
112367
112234
112094
111962
111836
111720
111616
111525
111448
111388
111345
111318
111310
111320
111346
111389
111449
111523
111612
111713
111824
111945
112071
112201
112331
112459
112579
112688
112789
112831
113006
112775
112864
112671
112575
112423
112287
112144
112009
111880
111762
111656
111563
111486
111424
111380
111353
111345
111354
111381
111425
111485
111560
111650
111752
111865
111987
112115
112246
112378
112505
112626
112732
112834
112864
113036
112836
112922
112724
112626
112469
112330
112184
112047
111916
111796
111688
111594
111516
111454
111409
111382
111373
111383
111410
111454
111514
111590
111681
111784
111898
112021
112151
112283
112415
112544
112664
112767
112871
112889
113058
112890
112971
112768
112669
112508
112367
112218
112079
111946
111825
111715
111621
111541
111478
111433
111406
111397
111406
111433
111478
111539
111616
111707
111811
111926
112050
112181
112314
112447
112575
112696
112796
112901
112909
113074
112938
113013
112805
112705
112540
112397
112246
112105
111970
111848
111737
111642
111562
111498
111453
111425
111416
111425
111453
111497
111559
111636
111728
111833
111949
112074
112206
112340
112473
112602
112723
112820
112927
112925
113086
112977
113048
112835
112734
112565
112421
112268
112125
111990
111866
111755
111658
111578
111514
111468
111440
111431
111440
111468
111513
111575
111652
111745
111851
111967
112093
112225
112360
112494
112623
112745
112838
112948
112938
113094
113008
113075
112856
111673
113627
102596
102563
102513
102474
102434
102394
102352
102306
102256
102198
102128
102037
101921
101787
101645
101496
101342
101184
101026
100869
100717
100572
100439
100333
100253
100190
100138
100093
100054
100021
99991.7
99964
99941.1
99926.5
99917.7
103607
103597
103536
103479
103413
103339
103259
103173
103080
102979
102859
102711
102529
102326
102117
101903
101684
101464
101243
101025
100811
100603
100410
100252
100130
100031
99947.5
99873.2
99808
99752.3
99706.5
99667
99640.5
99619.1
99613.5
104965
104940
104828
104713
104584
104447
104305
104159
104010
103852
103673
103458
103202
102924
102645
102361
102074
101785
101495
101206
100920
100638
100371
100148
99971.4
99826.9
99701.9
99589.5
99490.4
99406.7
99340.3
99287.6
99257.8
99232.9
99233.3
107234
107036
106726
106444
106174
105914
105663
105421
105186
104947
104686
104384
104032
103661
103293
102925
102556
102184
101811
101438
101064
100691
100330
100021
99769.3
99556.8
99366.4
99187.7
99021.4
98870.3
98736.9
98616.9
98531.9
98471
98460.7
111969
111927
111855
111773
111679
111573
111453
111319
111169
110995
110777
110485
110082
109564
108949
108219
107374
106432
105404
104288
103075
101750
100335
98955
97675.9
96447
95199.6
93869.3
92448.8
90947.4
89391.1
87798.6
86398
85325.2
84591.5
112623
112588
112526
112456
112376
112286
112183
112066
111932
111773
111566
111282
110882
110357
109719
108950
108064
107087
106026
104877
103628
102256
100782
99332.1
97977.5
96668.1
95335.8
93917.5
92413
90843.3
89246.3
87651.7
86277.3
85240.1
84538.1
112574
112542
112484
112426
112365
112296
112218
112129
112024
111897
111729
111490
111138
110657
110051
109305
108435
107468
106412
105261
104003
102619
101127
99655.5
98278.8
96946.6
95590.5
94147.4
92619.4
91031.1
89424.2
87833.2
86471.2
85446.8
84747.4
112725
112700
112651
112603
112553
112495
112429
112350
112257
112141
111986
111759
111421
110952
110352
109609
108743
107781
106727
105577
104319
102934
101437
99959.7
98576
97235.4
95869.2
94414.3
92873.3
91272.1
89654.1
88057.2
86692.8
85669.3
84964.5
112712
112691
112648
112609
112569
112523
112469
112405
112326
112227
112089
111883
111566
111115
110527
109794
108941
107990
106946
105807
104559
103184
101697
100229
98852.1
97516.5
96153.8
94700.4
93158.9
91556
89935.6
88339.4
86976.5
85957.3
85249.9
112658
112641
112604
112572
112541
112504
112461
112408
112341
112254
112130
111940
111638
111199
110619
109894
109052
108115
107085
105962
104732
103376
101912
100464
99105.3
97785.9
96437.7
94997.6
93467.9
91875.3
90263.9
88678.6
87325.2
86317.1
85611.2
112501
112486
112453
112427
112403
112376
112343
112301
112247
112173
112063
111889
111605
111179
110608
109895
109071
108153
107145
106045
104842
103518
102087
100671
99342.6
98050.5
96728.7
95314.7
93810.6
92242.5
90654.5
89094.3
87762.1
86774.7
86076.3
112252
112239
112208
112187
112169
112150
112126
112094
112051
111990
111895
111737
111469
111055
110495
109800
109000
108110
107132
106066
104901
103620
102236
100867
99579.9
98327.6
97045.1
95671.4
94208.5
92682.7
91136.9
89619.7
88323.7
87369.7
86687.1
111893
111879
111850
111833
111820
111808
111793
111772
111741
111692
111612
111471
111220
110820
110277
109609
108843
107991
107055
106036
104924
103702
102380
101071
99840.1
98641.4
97412.7
96095.7
94692.5
93229.3
91747.6
90295.5
89055.6
88151.8
87496.5
111423
111410
111381
111367
111359
111354
111347
111336
111317
111282
111218
111096
110863
110478
109960
109331
108611
107810
106931
105975
104932
103785
102543
101310
100152
99022.6
97865
96624
95302.6
93926.2
92534.9
91175.5
90018.2
89185.7
88573
110883
110870
110845
110833
110829
110828
110829
110828
110819
110797
110747
110640
110423
110052
109565
108984
108324
107591
106788
105913
104957
103903
102758
101621
100551
99508.1
98439.1
97294.2
96078
94815.9
93546.2
92313.9
91272.6
90538.3
89988.1
110263
110251
110230
110221
110221
110227
110237
110247
110253
110247
110211
110113
109902
109561
109126
108611
108029
107382
106671
105895
105043
104099
103067
102039
101070
100127
99161.6
98131.7
97044.1
95924.9
94811
93745.2
92859.4
92254.8
91791.7
109630
109618
109602
109599
109605
109621
109643
109665
109679
109676
109643
109550
109355
109060
108697
108273
107790
107250
106650
105987
105251
104425
103512
102598
101736
100900
100048
99148.2
98210
97261.2
96338
95480.2
94793.4
94352.9
94004.9
108925
108913
108901
108904
108922
108949
108980
109005
109019
109014
108984
108914
108784
108590
108345
108051
107700
107290
106816
106271
105649
104932
104127
103315
102553
101820
101084
100323
99549.9
98796.7
98099.6
97495.6
97057.5
96821.4
96621.2
108307
108295
108291
108311
108350
108400
108450
108494
108528
108552
108569
108573
108551
108486
108367
108195
107960
107656
107277
106818
106271
105624
104883
104134
103435
102774
102128
101483
100860
100294
99824.3
99485.9
99322.5
99322.8
99310.8
107657
107645
107650
107697
107770
107871
107999
108145
108298
108457
108623
108789
108931
109005
108993
108897
108716
108447
108087
107634
107081
106414
105643
104861
104129
103443
102783
102138
101536
101016
100620
100375
100303
100375
100424
107251
107260
107307
107392
107505
107654
107837
108049
108278
108524
108794
109085
109363
109568
109669
109667
109562
109352
109036
108607
108059
107367
106538
105667
104825
104013
103211
102404
101623
100916
100337
99928.2
99742
99759.1
99798.9
106520
106559
106674
106864
107131
107445
107791
108156
108528
108907
109305
109720
110115
110425
110613
110680
110629
110463
110175
109761
109208
108478
107569
106566
105554
104546
103514
102439
101354
100314
99380
98595.7
98090.9
97909.1
97865.9
106186
106257
106437
106736
107141
107627
108150
108682
109201
109709
110218
110729
111205
111581
111829
111948
111948
111834
111599
111244
110752
110058
109135
108038
106873
105655
104349
102924
101414
99895.8
98465.8
97228.4
96455.2
96133
96076.4
102106
103501
105254
106579
107717
108791
109771
110637
111395
112071
112693
113267
113764
114141
114396
114536
114582
114547
114425
114226
113912
113380
112617
111663
110598
109406
108033
106405
104494
102297
99821.6
97104.9
94579
92601.6
90847.7
105551
105471
105401
105330
105262
105196
105134
105075
105021
104971
104925
104885
104851
104822
104800
104784
104774
104771
104774
104783
104798
104819
104845
104876
104911
104951
104994
105041
105091
105144
105200
105260
105323
105387
105480
105652
105566
105496
105424
105356
105291
105230
105171
105117
105068
105023
104984
104950
104921
104899
104884
104874
104871
104875
104884
104899
104920
104946
104976
105012
105051
105094
105140
105189
113405
113402
113381
113346
113299
113242
113175
113086
113096
103128
103807
104651
105611
106581
107516
108386
109182
109899
110537
111099
111588
112009
112365
112661
112903
113095
113241
113348
113420
113463
113480
113476
113455
113419
113373
113316
113253
113158
113178
103184
103856
104696
105654
106623
107559
108431
109229
109948
110588
111151
111642
112064
112422
112719
112961
113152
113299
113406
113477
113519
113535
113531
113509
113474
113428
113371
113312
113213
113238
103233
103901
104736
105693
106662
107599
108473
109272
109992
110634
111199
111691
112113
112471
112768
113010
113201
113347
113453
113524
113565
113580
113575
113553
113517
113471
113414
113358
113257
113287
103278
103942
104775
105732
106701
107638
108513
109314
110036
110678
111244
111737
112159
112517
112814
113055
113246
113391
113496
113566
113605
113620
113613
113590
113553
113507
113449
113397
113295
113327
103317
103980
104813
105769
106740
107678
108555
109357
110079
110723
111290
111782
112205
112563
112859
113099
113289
113433
113536
113605
113643
113656
113648
113623
113585
113539
113481
113431
113330
113361
103353
104016
104850
105807
106779
107719
108597
109401
110125
110770
111337
111830
112253
112610
112905
113145
113333
113475
113577
113644
113680
113691
113681
113655
113615
113568
113509
113462
113362
113391
103383
104050
104886
105846
106819
107761
108642
109447
110173
110819
111387
111881
112304
112661
112956
113194
113381
113522
113622
113687
113721
113730
113717
113689
113647
113599
113539
113494
113396
113419
103408
104078
104918
105881
106857
107803
108686
109494
110222
110870
111440
111935
112358
112715
113009
113246
113432
113570
113668
113731
113762
113768
113752
113721
113676
113626
113564
113521
113428
113440
103427
104102
104947
105914
106895
107844
108732
109544
110277
110929
111503
112001
112427
112786
113082
113321
113507
113646
113743
113804
113833
113837
113818
113783
113734
113680
113614
113567
113481
113498
103431
104107
104952
105919
106901
107851
108739
109552
110285
110938
111513
112011
112438
112797
113094
113332
113518
113656
113753
113813
113842
113844
113825
113789
113739
113684
113618
113574
113494
113491
112755
112583
112438
112284
112140
112004
111879
111767
111670
111589
111525
111479
111451
111442
111452
111479
111524
111586
111665
111758
111864
111981
112108
112240
112376
112511
112639
112762
112853
112966
112947
113101
113025
113095
112871
112770
112597
112451
112295
112151
112014
111889
111776
111679
111598
111533
111487
111459
111450
111459
111487
111532
111594
111673
111766
111873
111990
112117
112250
112386
112521
112650
112774
112863
112979
112954
113107
113025
113104
112874
112775
112601
112455
112299
112155
112017
111892
111780
111683
111601
111537
111491
111463
111454
111463
111491
111537
111599
111678
111772
111879
111997
112124
112258
112394
112530
112659
112783
112871
112990
112960
113119
113021
113121
112884
112786
112609
112462
112305
112160
112022
111896
111784
111686
111604
111539
111493
111464
111455
111464
111491
111537
111599
111677
111771
111877
111995
112122
112256
112392
112528
112656
112781
112869
112990
112959
113127
105631
105703
105810
105905
105998
106078
106144
106191
106215
106212
106179
106115
106018
105890
105730
105544
105332
105101
104852
104587
104304
104000
103656
103246
102747
102114
101311
100279
98046.8
93949.2
105733
105790
105889
105976
106060
106133
106191
106231
106248
106238
106200
106131
106031
105899
105738
105549
105337
105105
104857
104592
104310
104007
103664
103255
102757
102124
101322
100292
98075.3
94319.8
105849
105883
105968
106043
106115
106178
106227
106258
106268
106253
106211
106139
106037
105904
105743
105555
105344
105115
104868
104606
104326
104025
103686
103282
102789
102159
101365
100339
98154
94769.9
106072
106090
106160
106219
106276
106323
106356
106373
106370
106342
106289
106207
106097
105957
105790
105598
105385
105152
104904
104642
104363
104063
103726
103324
102833
102206
101419
100398
98276.7
95331.8
106358
106375
106431
106476
106516
106546
106563
106564
106544
106502
106435
106341
106219
106069
105894
105694
105473
105235
104983
104717
104435
104131
103793
103393
102902
102277
101500
100483
98451.2
95939.4
106710
106739
106784
106818
106844
106859
106860
106844
106808
106749
106666
106557
106420
106257
106068
105856
105624
105376
105114
104839
104548
104235
103889
103486
102993
102369
101601
100589
98660.3
96527.1
107091
107141
107177
107205
107222
107227
107216
107188
107139
107067
106971
106848
106698
106521
106318
106092
105845
105582
105305
105016
104711
104384
104022
103608
103110
102485
101725
100720
98904.8
97097.3
107493
107563
107593
107619
107631
107629
107611
107574
107517
107436
107330
107198
107037
106849
106633
106393
106131
105851
105556
105247
104923
104577
104195
103763
103253
102626
101871
100875
99178
97648.8
107895
107982
108007
108033
108043
108038
108016
107975
107913
107828
107717
107579
107412
107216
106992
106741
106466
106169
105855
105525
105179
104810
104406
103950
103422
102789
102037
101051
99473
98180
108293
108394
108417
108444
108452
108446
108423
108380
108317
108229
108116
107975
107805
107605
107376
107117
106831
106521
106190
105839
105469
105075
104646
104167
103616
102972
102220
101247
99785.3
98693.7
108704
108815
108836
108864
108872
108867
108843
108801
108736
108649
108535
108394
108223
108021
107788
107524
107231
106910
106563
106193
105799
105378
104923
104418
103844
103184
102431
101473
100128
99214.2
109148
109268
109288
109318
109327
109322
109299
109257
109194
109107
108994
108853
108683
108481
108246
107979
107679
107348
106988
106599
106182
105734
105249
104716
104117
103439
102680
101741
100519
99768
109638
109763
109781
109811
109821
109817
109796
109755
109694
109609
109498
109360
109191
108991
108756
108487
108183
107844
107471
107064
106624
106149
105634
105071
104446
103751
102983
102069
100976
100372
110120
110251
110266
110298
110309
110307
110288
110250
110192
110111
110004
109870
109706
109509
109277
109009
108703
108359
107976
107555
107095
106595
106051
105458
104808
104098
103324
102439
101471
100990
110554
110691
110704
110737
110749
110748
110731
110697
110642
110565
110463
110335
110176
109984
109756
109491
109186
108839
108450
108017
107541
107020
106452
105834
105162
104439
103664
102807
101946
101559
110936
111075
111086
111119
111130
111131
111116
111083
111032
110959
110862
110739
110586
110400
110179
109918
109616
109269
108876
108436
107947
107409
106822
106183
105493
104759
103985
103158
102385
102070
111270
111408
111416
111448
111459
111460
111445
111415
111366
111296
111204
111086
110939
110760
110545
110290
109992
109648
109255
108810
108313
107763
107160
106505
105800
105056
104285
103488
102788
102532
111561
111698
111702
111733
111742
111742
111727
111697
111650
111583
111494
111381
111239
111066
110858
110610
110318
109978
109587
109142
108640
108082
107467
106798
106081
105331
104563
103795
103158
102952
111813
111949
111948
111978
111985
111983
111967
111937
111890
111825
111739
111629
111493
111325
111123
110881
110595
110261
109873
109429
108927
108364
107742
107064
106339
105583
104820
104078
103495
103334
112032
112166
112161
112189
112192
112189
112171
112140
112093
112029
111945
111838
111705
111542
111345
111109
110828
110499
110116
109675
109173
108609
107983
107300
106570
105812
105055
104338
103801
103679
112220
112354
112342
112368
112367
112361
112341
112309
112262
112198
112116
112011
111882
111723
111530
111298
111023
110698
110319
109881
109381
108817
108189
107504
106772
106014
105264
104572
104076
103987
112381
112516
112497
112521
112516
112507
112485
112451
112404
112340
112259
112156
112029
111873
111684
111456
111185
110864
110488
110053
109554
108991
108363
107676
106943
106188
105446
104775
104316
104251
112515
112648
112621
112642
112633
112622
112598
112563
112515
112452
112372
112271
112146
111993
111807
111583
111315
110998
110625
110192
109695
109132
108505
107818
107086
106333
105599
104947
104520
104473
112608
112743
112708
112728
112715
112703
112676
112641
112593
112531
112452
112353
112231
112081
111897
111676
111411
111096
110726
110295
109800
109238
108611
107925
107194
106444
105716
105081
104680
104642
112676
112810
112769
112788
112771
112758
112730
112695
112647
112586
112508
112411
112291
112142
111961
111742
111479
111166
110797
110368
109874
109313
108686
108000
107270
106522
105799
105176
104794
104760
112728
112858
112812
112830
112810
112796
112767
112732
112685
112624
112548
112452
112333
112187
112007
111790
111528
111216
110849
110420
109927
109366
108740
108054
107324
106577
105859
105244
104876
104843
112771
112893
112844
112860
112838
112824
112795
112760
112713
112653
112578
112483
112366
112221
112042
111826
111566
111255
110888
110460
109967
109407
108780
108094
107365
106620
105904
105295
104939
104906
112807
112919
112869
112883
112859
112844
112815
112780
112734
112675
112601
112508
112392
112248
112071
111855
111596
111286
110920
110492
109999
109439
108812
108127
107397
106653
105940
105337
104990
104955
112837
112939
112887
112899
112874
112859
112829
112795
112749
112692
112618
112526
112411
112269
112093
111878
111620
111310
110945
110518
110025
109464
108838
108152
107423
106679
105968
105371
105032
104995
112860
112951
112899
112909
112883
112867
112837
112804
112759
112702
112630
112539
112425
112284
112109
111896
111637
111329
110963
110536
110043
109483
108856
108170
107441
106699
105990
105397
105065
105025
112879
112957
112906
112915
112887
112872
112842
112809
112765
112709
112638
112548
112435
112294
112120
111907
111650
111341
110976
110549
110056
109495
108868
108182
107453
106712
106004
105415
105089
105046
112892
112958
112909
112915
112887
112872
112842
112809
112765
112710
112639
112550
112437
112297
112124
111912
111654
111346
110981
110554
110061
109500
108873
108187
107458
106717
106011
105425
105103
105058
112905
112954
112910
112915
112887
112872
112842
112810
112766
112712
112642
112553
112442
112302
112129
111917
111660
111351
110986
110558
110064
109502
108874
108188
107458
106717
106012
105428
105109
105061
112901
112951
112906
112911
112882
112867
112835
112803
112758
112703
112632
112543
112430
112290
112117
111905
111647
111339
110973
110545
110051
109489
108861
108175
107446
106705
106001
105420
105104
105053
112917
112942
112906
112909
112881
112866
112835
112803
112759
112704
112634
112545
112433
112293
112120
111908
111650
111342
110976
110548
110054
109492
108864
108177
107447
106706
106002
105421
105105
105046
97759.2
99469.5
101251
102521
103580
104435
105128
105681
106116
106452
106706
106891
107019
107099
107139
107145
107122
107075
107006
106919
106816
106700
106573
106437
106294
106148
106002
105858
105717
105607
97828.5
99519.8
101291
102558
103614
104467
105159
105711
106146
106482
106736
106922
107050
107131
107172
107179
107158
107112
107045
106961
106860
106747
106623
106491
106353
106212
106071
105933
105795
105686
97890.9
99562.7
101321
102585
103639
104492
105184
105737
106173
106512
106768
106957
107089
107174
107220
107232
107217
107177
107117
107040
106947
106842
106726
106603
106474
106342
106210
106078
105942
105829
98022.2
99651
101381
102639
103692
104545
105239
105794
106233
106575
106836
107030
107167
107257
107309
107328
107319
107287
107234
107165
107081
106986
106880
106767
106649
106528
106407
106286
106152
106040
98218.3
99783.4
101466
102715
103764
104617
105312
105871
106315
106662
106930
107130
107275
107375
107436
107465
107467
107447
107407
107351
107281
107200
107109
107012
106909
106804
106698
106591
106469
106371
98439.8
99939.8
101569
102805
103850
104703
105400
105964
106414
106769
107044
107254
107409
107519
107592
107633
107648
107640
107614
107573
107518
107452
107378
107297
107212
107123
107034
106943
106843
106765
98675.3
100112
101685
102907
103946
104800
105501
106070
106528
106892
107178
107399
107566
107689
107775
107831
107861
107869
107859
107833
107795
107747
107690
107627
107558
107487
107415
107340
107263
107202
98918.4
100295
101812
103019
104052
104906
105612
106189
106656
107031
107329
107563
107745
107882
107984
108055
108101
108125
108132
108123
108102
108070
108029
107981
107929
107872
107812
107750
107694
107641
99163.9
100484
101947
103140
104166
105022
105734
106319
106797
107184
107496
107745
107942
108095
108213
108301
108363
108404
108427
108434
108428
108411
108384
108350
108309
108264
108213
108160
108118
108067
99409.9
100679
102090
103268
104288
105145
105864
106459
106949
107350
107677
107941
108155
108325
108460
108564
108643
108699
108737
108759
108767
108762
108747
108723
108692
108653
108608
108560
108525
108472
99667.8
100888
102248
103409
104422
105283
106009
106616
107119
107536
107879
108161
108392
108580
108732
108853
108948
109020
109072
109107
109127
109132
109126
109109
109084
109050
109008
108961
108930
108876
99954.2
101125
102431
103572
104579
105443
106179
106799
107319
107753
108116
108417
108668
108875
109046
109185
109296
109382
109448
109494
109523
109537
109537
109525
109502
109471
109428
109380
109350
109294
100285
101402
102648
103766
104766
105635
106382
107019
107558
108014
108398
108723
108995
109223
109413
109569
109696
109796
109873
109929
109965
109985
109989
109980
109958
109927
109884
109834
109805
109752
100643
101703
102890
103983
104976
105851
106612
107267
107828
108307
108716
109064
109359
109608
109816
109989
110130
110242
110328
110391
110433
110456
110462
110453
110431
110398
110353
110300
110268
110216
100988
101996
103128
104199
105186
106068
106843
107517
108100
108603
109035
109405
109721
109989
110214
110401
110554
110675
110769
110837
110882
110907
110914
110905
110883
110848
110800
110743
110706
110651
101306
102266
103350
104403
105387
106276
107065
107757
108361
108884
109337
109728
110062
110346
110585
110784
110946
111074
111173
111244
111292
111318
111325
111315
111291
111254
111204
111141
111099
111044
101599
102516
103558
104594
105575
106471
107273
107982
108605
109148
109620
110028
110378
110676
110927
111134
111303
111437
111539
111613
111661
111687
111694
111682
111656
111616
111563
111496
111447
111395
101866
102743
103748
104770
105749
106652
107467
108192
108831
109392
109881
110304
110668
110978
111238
111453
111627
111765
111869
111944
111992
112018
112023
112009
111981
111938
111883
111812
111758
111709
102108
102948
103921
104931
105908
106818
107644
108383
109038
109615
110119
110556
110932
111251
111519
111740
111919
112059
112164
112239
112287
112311
112315
112300
112269
112225
112167
112093
112034
111989
102326
103131
104076
105074
106051
106967
107803
108555
109225
109815
110333
110782
111168
111496
111770
111996
112178
112320
112426
112501
112548
112571
112573
112556
112523
112477
112418
112343
112279
112239
102520
103294
104213
105202
106177
107099
107944
108708
109390
109994
110522
110982
111377
111712
111992
112222
112406
112549
112656
112730
112776
112798
112798
112780
112746
112699
112640
112564
112495
112462
102691
103438
104334
105315
106289
107214
108068
108842
109535
110149
110688
111157
111560
111901
112186
112419
112605
112750
112856
112930
112975
112995
112994
112975
112941
112893
112834
112759
112686
112661
102843
103564
104442
105414
106387
107316
108176
108958
109660
110283
110831
111307
111717
112063
112352
112588
112776
112921
113027
113100
113144
113163
113161
113141
113106
113058
113000
112927
112851
112840
102967
103668
104530
105497
106468
107400
108265
109053
109762
110392
110947
111429
111844
112195
112487
112725
112915
113060
113167
113239
113283
113301
113298
113277
113242
113195
113137
113067
112984
112984
103058
103746
104598
105561
106531
107465
108333
109126
109839
110474
111033
111520
111938
112293
112588
112828
113019
113165
113272
113345
113387
)
;

boundaryField
{
    front
    {
        type            wedge;
    }
    back
    {
        type            wedge;
    }
    bottomwall
    {
        type            fixedFluxPressure;
        gradient        nonuniform List<scalar> 
30
(
-2761.54
474.136
-309.785
-159.279
-233.108
-350.696
-416.453
-555.262
-674.932
-828.319
-983.479
-1151.56
-1322.59
-1496.23
-1668.41
-1837.05
-1999.87
-2155.12
-2301.25
-2437.01
-2561.34
-2673.44
-2772.78
-2858.61
-2928.75
-2976.73
-2987.1
-2917.18
-2692.82
-4364.01
)
;
        value           nonuniform List<scalar> 
30
(
112902
112945
112905
112909
112880
112865
112833
112801
112756
112701
112630
112541
112428
112288
112115
111902
111645
111336
110970
110542
110048
109486
108857
108170
107441
106700
105996
105416
105100
105039
)
;
    }
    topwall
    {
        type            fixedFluxPressure;
        gradient        nonuniform List<scalar> 
30
(
787.233
1213.33
1703.93
2155.2
2547.57
2905.19
3245.7
3577.55
3901.2
4212.02
4502.48
4763.87
4987.85
5167.42
5297.57
5375.44
5400.33
5373.19
5296.06
5171.2
5000.24
4782.62
4516.8
4190.19
3814.38
3320.86
2878.34
2303.93
2203.89
8376.81
)
;
        value           nonuniform List<scalar> 
30
(
103432
104109
104955
105923
106906
107857
108746
109560
110295
110949
111524
112024
112452
112812
113109
113349
113535
113674
113771
113832
113861
113863
113843
113806
113755
113699
113632
113585
113505
113537
)
;
    }
    reflector
    {
        type            fixedFluxPressure;
        gradient        nonuniform List<scalar> 
95
(
-4672.9
-5048.96
-5193.66
-5326.54
-5436.29
-5532.89
-5618.79
-5694.76
-5760.52
-5815.6
-5858.88
-5889.73
-5907.24
-5910.89
-5900.03
-5874.37
-5833.36
-5778.57
-5713.07
-5636.43
-5547.7
-5447.93
-5338.7
-5221.5
-5097.99
-4969.39
-4837.23
-4702.3
-4565.34
-4425.35
-4279.78
-4132.13
-3994.6
-3852.25
-3916.43
-1478.15
-1184.42
-584.03
19.0886
587.753
1117.8
1591.49
2002.46
2340.68
2597
2761.7
2825.98
2783.23
2631.01
2373.26
2022.48
1600.74
1138.4
671.184
228.011
-157.503
-492.659
-952.494
-1737.7
-2952.21
-4561.42
-6618.13
-10579.4
-20927.7
-171213
15088.4
-1450.41
-4552.1
-4215.2
-3435.68
-2685.6
-2067.61
-1609.65
-1313.97
-1158.61
-1090.48
-1105.26
-1191.76
-1335.11
-1522.9
-1745.18
-1993.98
-2262.89
-2546.74
-2841.12
-3142.08
-3445.89
-3748.82
-4047.14
-4336.49
-4610.6
-4863.16
-5095.14
-5215.03
-4361.84
)
;
        value           nonuniform List<scalar> 
95
(
105516
105434
105363
105291
105223
105157
105094
105035
104981
104930
104885
104845
104811
104782
104760
104744
104735
104732
104736
104745
104761
104782
104809
104840
104876
104916
104960
105008
105058
105112
105169
105230
105294
105358
105450
105620
105695
105806
105905
106001
106085
106154
106202
106227
106225
106192
106127
106030
105900
105739
105551
105338
105105
104854
104588
104304
103999
103654
103242
102742
102106
101300
100263
98018
93731.6
97778.4
99467.6
101244
102515
103574
104430
105124
105677
106113
106449
106703
106888
107015
107095
107134
107138
107114
107066
106995
106906
106801
106682
106552
106413
106268
106119
105970
105823
105679
105575
)
;
    }
    hx
    {
        type            fixedFluxPressure;
        gradient        nonuniform List<scalar> 
276
(
-11079.7
26758.6
-13424.3
-9986.61
-8284.07
-5347.41
-123.377
5946.54
10512.8
13066.9
13609.3
12766.4
11094.4
9946.31
7643.16
7389.75
7488.64
13632.2
53213
76562.9
17739.7
-3767.08
-3091.61
-2824.93
-2462.31
-1857.89
-1332.91
-927.693
-611.261
-364.042
-173.544
-28.8157
79.5482
159.02
215.467
253.493
276.644
287.496
287.694
278.28
259.392
229.827
187.276
127.775
44.6769
-72.5008
-239.995
-482.942
-840.22
-1372.61
-2172.98
-3399.07
-5237.06
-8405.93
-12032.8
-30196.9
-17759.3
-15855.6
37709.3
18776.2
63955.8
10953.9
80413.2
4255.64
92150.7
-776.544
103056
-3704.41
115340
-5059.78
130961
-5926.31
151906
-16470.5
181254
-350577
253985
291507
200628
164197
140829
124687
112227
100212
85287.5
63010.9
29500.2
-13187.9
-16964.3
-30820.7
-10229.5
-6691.62
-3782.76
-2187.35
-1192.93
-590.291
-223.537
-2.73454
128.171
203.566
244.692
264.642
271.475
270.157
263.76
254.21
242.775
230.41
218.038
206.651
197.226
191.556
194.652
215.023
261.747
347.489
493.376
733.976
1125.6
1734.52
2651.37
4341
7578.8
10697.4
23349.7
76344
74852.7
34596.5
11757.3
5634.31
2397.83
52.0275
-1256.52
-1956.83
-2235.24
-2303.67
-2247.7
-2138.07
-2010.23
-1891.93
-1850.89
-1749.27
-2155.21
-1921.42
-963.741
-706.718
-409.111
-5.50912
474.267
997.621
1469.86
1811.09
-1412.7
2180.95
70313.3
26504.6
12161.6
7051.55
4128.28
2177
645.862
-1590.45
-3416.96
-27674
-600598
-14464.8
-9685.93
-7368.58
-5803.42
-4604.63
-3638.5
-2830.51
-2148.14
-1506.12
-1151.23
-8604.37
-1004.64
28180.8
-107.914
14527.9
930.196
8622.82
2242.02
6284.86
3842.41
3881.18
5784.69
1261.44
8183.05
-1192.11
11290
-4156.12
15141
-8479.48
22170.3
-31896.9
82416.6
-620982
-32504.5
-42277.8
-52379.9
-62452.7
-72582.6
-82932.2
-93685.6
-105011
-117036
-129779
-143403
-159193
-178155
-232094
-711610
45171.4
37676.5
33445.1
30667.2
28588.5
26933.7
25530.5
24277.6
23106.1
21957.3
20751.6
19583.2
18305
13796
49596.5
5364.5
198.835
4318.77
-1896.87
6532.42
-4292.08
53247.5
-11035.1
6592.95
-175113
7234.85
-187428
7912.52
-192130
6825.02
-195249
6152.75
-197402
5562.55
-198421
5313.66
-197810
5357.38
-194731
5816.29
-187639
5694.91
-174760
5125.29
-154266
4860.28
-124202
4663.58
-82871.7
4352.32
-29462.9
4755.24
42768
6527.09
56000.6
3188.31
41969.2
7274.79
45416.1
-17281.4
-4693.2
-419350
-750598
)
;
        value           nonuniform List<scalar> 
276
(
99944.7
100399
99922.2
103900
112685
121591
130913
140587
150457
160353
170161
179826
189365
198754
208108
217299
222190
222106
223345
221197
200902
196004
194322
191572
188750
186214
183788
181381
178984
176591
174197
171796
169388
166973
164551
162122
159689
157252
154812
152371
149930
147491
145056
142629
140213
137815
135441
133105
130824
128624
126544
124637
123015
121669
121415
119542
127433
127917
128558
100207
128860
100093
129021
99952.9
128906
99850.4
128608
99790.8
128150
99770.5
127534
99761.6
126756
99649.7
125817
94518.9
125118
123720
124613
125631
126424
127006
127396
127593
127581
127283
126817
126324
125703
117113
119256
119736
121368
123264
125419
127713
130094
132526
134988
137467
139956
142449
144946
147445
149946
152451
154958
157471
159991
162519
165058
167611
170181
172774
175396
178054
180760
183526
186372
189310
192381
195713
199264
202236
206040
219063
219968
218639
218123
212904
203528
194251
185125
176086
167107
158161
149235
140317
131407
122494
113590
104668
100249
100217
100229
100232
100236
100242
100251
100259
100270
100270
100245
100283
94652.9
96279.3
97347.5
97853.8
98067.3
98047.3
97828.6
97470.7
96788.7
94242.6
87898.5
109437
108338
107146
106199
105407
104765
104257
103874
103607
103417
103237
105635
98048.7
105975
98068.6
106424
98298.3
106968
98222.4
107610
98006.9
108348
97632.4
109177
97057.7
110074
96249.6
110976
94920.3
112072
90923.8
113843
80532.4
97289.2
96358.6
95462.3
94643.7
93894.7
93200.8
92543.9
91907.9
91278.3
90646.3
90034.7
89485.2
88775.4
86982.7
84173.2
109085
109865
110489
110894
111198
111419
111582
111699
111778
111822
111839
111847
111729
111696
113711
102605
99918
103614
99610.6
104976
99226.9
107324
98444.2
111980
84329
112635
84257.2
112587
84459.5
112736
84671.8
112722
84954
112667
85313.9
112510
85779.9
112261
86395.3
111902
87215.4
111433
88311.1
110891
89757
110272
91605.6
109638
93880.8
108932
96577.1
108315
99374.9
107668
100508
107256
99861.7
106533
97933.8
106156
96069.4
101397
89725.4
)
;
    }
}


// ************************************************************************* //
