/*--------------------------------*- C++ -*----------------------------------*\
| =========                 |                                                 |
| \\      /  F ield         | OpenFOAM: The Open Source CFD Toolbox           |
|  \\    /   O peration     | Version:  2406                                  |
|   \\  /    A nd           | Website:  www.openfoam.com                      |
|    \\/     M anipulation  |                                                 |
\*---------------------------------------------------------------------------*/
FoamFile
{
    version     2.0;
    format      ascii;
    arch        "LSB;label=32;scalar=64";
    class       volScalarField;
    location    "0/fluidRegion";
    object      Re;
}
// * * * * * * * * * * * * * * * * * * * * * * * * * * * * * * * * * * * * * //

dimensions      [0 0 0 0 0 0 0];

internalField   nonuniform List<scalar> 
8595
(
9513.4
171634
235021
302547
341401
357034
339896
301000
248228
189864
132117
77585.4
33182
16906.1
37195.4
99078.9
92908.5
275248
7455.39
11164.9
11372.4
11243.2
11300.2
11319.5
11278.7
11224.4
11173
11126.6
11086.3
11052.9
11026.6
11006.5
10992
10982.2
10976.2
10973.3
10972.6
10973.6
10975.5
10977.7
10979.5
10980.1
10978.5
10973.3
10962.8
10944.4
10914.3
10866.7
10792.9
10680.4
10505.3
10253.8
9789.21
9441.59
7237.41
219040
9610.4
51654.4
149158
192235
245481
273636
280470
258533
217996
166123
111291
59550.8
27624.5
49316.4
85741.1
110592
162025
179277
338540
7793.87
11345
11539.1
11456.6
11549.3
11598.1
11584.7
11554.2
11523.4
11494.6
11469.2
11448.6
11432.9
11422
11415
11411.5
11410.7
11412.1
11414.9
11418.6
11422.7
11426.5
11429.5
11430.8
11429.6
11424.6
11414.1
11395.5
11365.1
11317.3
11243.6
11131.8
10958.4
10710.8
10254.5
9940.54
7770.04
285902
83651.4
67646.5
128429
148441
186874
203699
200711
173951
133960
88111.2
52191.2
53940.1
84551
116910
149668
174396
220296
243386
387494
8124.26
11533.1
11612.1
11507.7
11595.5
11643.5
11633.5
11608.1
11582.3
11558.1
11536.7
11519.4
11506.4
11497.4
11492
11489.6
11489.5
11491.1
11494
11497.6
11501.4
11504.8
11507.3
11508.2
11506.6
11501.3
11490.7
11472.5
11443.1
11397.4
11327.3
11221.6
11058.4
10827.9
10398
10147
8039.51
324112
140020
84951.1
117237
110091
128117
127582
108989
80749.9
61091.7
70576.4
100923
135757
168271
196439
223640
245230
284850
305817
435825
8504.94
11805.4
11745.3
11588.8
11655
11689.1
11671
11641.1
11612.8
11586.9
11564.4
11546.3
11532.7
11523.1
11517
11513.9
11513.1
11514.1
11516.3
11519.2
11522.3
11525
11526.9
11527.2
11525.3
11519.8
11509.4
11491.9
11463.9
11420.7
11354.9
11256.3
11104.7
10894.1
10493.3
10309
8254.68
357652
208306
94613.5
110699
80603.9
71185.3
41487.8
23306.2
74880
124520
169261
207404
239710
266610
288395
308774
324837
356526
369686
483008
8911.28
12138.2
11931.4
11702.2
11736.8
11750.4
11718.4
11679.6
11645.3
11615.1
11589.6
11569
11553.4
11542.3
11534.8
11530.4
11528.5
11528.4
11529.6
11531.6
11534
11536
11537.4
11537.3
11535.1
11529.7
11519.8
11503.1
11476.9
11436.8
11376
11285.6
11146.9
10958.6
10589.6
10474.4
8469.34
391553
278783
98097.2
107069
71538
49132.8
71083
139647
204172
258131
301388
334823
360098
378990
392632
404684
413029
434762
435938
529541
9329.23
12507.3
12154.4
11840.8
11838.2
11828.2
11778.8
11728.3
11686
11649.9
11619.8
11595.7
11577.2
11563.6
11554.1
11547.9
11544.5
11543
11543
11543.9
11545.3
11546.6
11547.3
11546.8
11544.4
11539.2
11529.8
11514.4
11490.4
11453.9
11399.1
11318.3
11194.9
11032.2
10699.4
10658.8
8706.73
428841
351545
96922.5
104526
93932
122309
211797
295707
364080
415869
453090
478405
494364
503480
507403
509635
508276
517999
503902
574827
9744.61
12891.5
12397.7
11994.6
11952.3
11916.9
11848.2
11784.7
11733.1
11690.1
11654.7
11626.4
11604.5
11588
11576.1
11567.8
11562.5
11559.4
11558
11557.7
11558
11558.4
11558.3
11557.4
11554.8
11549.7
11541
11527
11505.6
11473.3
11425.3
11355.5
11249.5
11115.7
10823.8
10866.7
8977.2
470826
427368
87441.1
107606
160138
270008
391096
482002
547450
591448
618497
632725
637437
635468
628584
619922
607326
603335
571522
617392
10144
13270.4
12643.4
12152.3
12071.4
12009.6
11920.9
11843.8
11782.7
11732.5
11691.6
11658.9
11633.5
11614
11599.5
11589.1
11581.8
11577.1
11574.1
11572.6
11571.7
11571.2
11570.4
11569
11566.2
11561.3
11553.4
11541.1
11522.5
11495
11454.6
11397.1
11310.2
11208.4
10961.7
11098.7
9282.77
517436
506914
80872.9
166544
345341
500650
616620
695621
745729
773714
785483
785817
778106
764871
747378
727982
703769
685432
634823
654590
10513.7
13623.6
12870.3
12300
12184.1
12096.6
11989.4
11899.8
11829.7
11772.9
11726.8
11690.2
11661.4
11639.3
11622.5
11609.9
11600.9
11594.6
11590.3
11587.4
11585.5
11584.1
11582.7
11580.9
11578
11573.5
11566.5
11556.1
11540.6
11518.2
11486.1
11441.6
11375.2
11307.9
11110.3
11355
9632.46
570050
592281
86605.6
479072
670473
789590
867645
912913
933923
937777
930188
915389
895954
873391
847787
820192
786339
755420
687788
683098
10842.7
13936.5
13059.2
12427.4
12278.3
12165.9
12042.7
11942.8
11865.9
11804.1
11754.5
11715.1
11684.1
11660.1
11641.7
11627.7
11617.5
11610
11604.6
11600.9
11598.2
11596.2
11594.4
11592.3
11589.5
11585.6
11579.8
11571.5
11559.5
11542.8
11519.6
11489.3
11444.7
11413.7
11266.1
11628.2
9989.56
622894
682370
709973
597555
496912
408296
327229
252435
182812
118071
67424.2
5738.26
652862
591822
532659
483888
442171
406663
374220
339294
293073
210413
10528.4
10114.8
9732.65
9417.8
9152.24
8927.16
8723.58
8507.23
8203.8
7590.5
12243.3
11921.2
11641.4
11400.8
11195.9
11021.1
10867.1
10711.3
10485.9
9900.12
11773.2
11603
11450.6
11314.7
11198.3
11100.6
11017.3
10930
10768.1
10205.5
11840.6
11735.5
11642.3
11558.8
11487.3
11427.4
11376
11317
11180.6
10623
11811.3
11750.7
11696.8
11648.3
11606.9
11572.3
11541.6
11500.3
11378.9
10822.1
11805.8
11771.3
11740.4
11712.7
11689.2
11669.3
11650.6
11619.2
11506.1
10949.3
11797
11778.7
11762.1
11747.3
11734.8
11724.1
11712.6
11687.1
11578.4
11021.1
11789.2
11780.8
11773.1
11766.4
11760.6
11755.6
11748.5
11726.4
11620.2
11062.1
11781.7
11779.7
11777.5
11775.7
11774.3
11772.8
11768.5
11748.3
11643.3
11084.5
11775
11776.9
11778.3
11779.7
11781
11781.8
11779.3
11760.3
11655.8
11096.4
11769
11773.6
11777.2
11780.7
11783.8
11786.2
11784.9
11766.5
11662.3
11102.5
11763.9
11770.1
11775.3
11780.2
11784.6
11788.1
11787.6
11769.8
11665.6
11105.8
11759.4
11766.9
11773.1
11779
11784.4
11788.7
11788.9
11771.4
11667.6
11108.1
11755.5
11763.8
11770.8
11777.5
11783.7
11788.7
11789.5
11772.4
11669
11110.4
11751.7
11760.8
11768.4
11775.8
11782.6
11788.3
11789.8
11773.1
11670.4
11113.2
11748
11757.6
11765.7
11773.7
11781.2
11787.5
11789.6
11773.6
11671.9
11116.9
11743.9
11754
11762.6
11771.1
11779.1
11786.2
11789
11773.7
11673.4
11121.4
11739
11749.6
11758.5
11767.5
11776.2
11783.9
11787.6
11773.2
11674.9
11126.8
11733
11743.9
11753.2
11762.6
11771.8
11780.3
11784.8
11771.7
11675.8
11132.7
11725.2
11736.3
11745.8
11755.6
11765.4
11774.7
11780.2
11768.5
11675.7
11138.9
11714.9
11726.1
11735.8
11745.9
11756.3
11766.3
11772.9
11762.9
11673.8
11144.9
11701.5
11712.5
11722.1
11732.4
11743.2
11754.1
11762
11753.8
11669.2
11149.8
11684
11694.5
11703.7
11713.9
11725.1
11736.7
11745.9
11740
11660.7
11152.8
11661.2
11670.6
11679.1
11689
11700.3
11712.5
11723.1
11719.7
11646.4
11152.5
11631.6
11639.3
11646.6
11655.5
11666.6
11679.4
11691.4
11690.7
11624.2
11147.1
11593.5
11598.5
11603.7
11611.1
11621.5
11634.5
11647.8
11650.2
11591.3
11133.9
11544.9
11545.7
11547.7
11552.5
11561.4
11574.2
11588.6
11594.3
11543.9
11109.5
11483
11477.7
11474.8
11475.7
11482
11493.7
11508.9
11517.9
11477
11069.1
11404.6
11390.2
11380.2
11375
11377.1
11386.6
11401.8
11414
11383.4
11006.1
11306
11278.3
11257.8
11243.5
11238.9
11244.3
11258.4
11273.4
11253.9
10911.4
11183.9
11137.4
11101.4
11073.8
11058.6
11057.1
11068.2
11085.1
11077.3
10774.5
11036.7
10962.9
10903.9
10855.9
10824.2
10810.8
10815.2
10832.2
10836
10578.1
10846.5
10731.9
10638.9
10560.8
10503.5
10470.6
10462.3
10474.8
10488.2
10279.6
10587.2
10415.8
10274.5
10153.8
10059.6
9997.29
9968.63
9971.86
9993.73
9840.24
10466.2
10223.9
10004.5
9807.61
9644.11
9524.77
9456.28
9441.41
9474.15
9392.06
10753.1
10366.2
10009.9
9681.97
9390.14
9147.87
8968.06
8862.65
8840.56
8799.32
8435.09
7979.53
7538.21
7130.05
6752.06
6406.54
6101.99
5852.96
5688.8
5560.03
500688
470792
435451
397426
357507
315628
271654
225706
183995
135542
395871
355626
313185
270139
226638
182156
136453
91723.5
76575.9
123748
319588
271670
224307
179099
136785
99964
80039.9
90403.5
125045
176413
238082
186271
138344
98759.1
76958.7
84708.9
112051
146585
185067
229465
178478
124039
77106.1
50845.5
65870.8
100353
137569
174413
211523
251296
131741
76075.4
31419.4
39077.3
78217.1
117357
154403
189592
224194
259882
103722
48670.1
3342.34
45687.7
86195.4
123493
158229
191015
223053
255106
86296.7
36196.5
16265.6
52186
88340.7
122258
154113
184286
213763
242623
77538.1
34874.9
24759.3
53589.4
85411
115936
144882
172428
199375
225347
71886.1
35343.1
28898.9
52393.6
80050.5
107151
133117
157955
182319
205515
67822.6
36067.1
30584.5
49418.8
73157.4
96948.4
119985
142132
163914
184400
64396.1
36582
31049.8
45488.4
65384.4
85911.3
106054
125523
144736
162552
60792.6
36795.2
31299.3
41621.6
57631.5
74855.6
92092.3
108876
125540
140708
57178.8
37126.9
31475.1
37591.6
49428
63141
77346.5
91347.4
105434
117937
52556.6
37365.6
32749.7
35644.1
43213.6
53041.1
63886.4
74813.3
86181.3
95917.5
47295.5
37438.7
33764.7
33740.3
36582.6
41510.1
47961.6
54828.1
62906
69281.8
42868.9
41447.8
41082.5
40806.3
40314.1
39997.4
40572.8
41228
44632
47225.9
23391.7
27239.9
29158.2
29208.6
27843.6
24777.8
21252.8
14992.6
11657.2
1077.04
1.09086e+06
829693
739499
680402
648202
636429
643701
665387
702436
798597
1.01682e+06
1.12181e+06
926030
848735
798147
771334
762095
768364
787249
821149
906575
1.0717e+06
1.12115e+06
975572
909265
865463
842337
834402
839678
855864
886114
961147
1.09379e+06
1.11267e+06
1.00647e+06
950282
912509
892513
886020
891367
906627
935164
1.00116e+06
1.10713e+06
1.10634e+06
1.02837e+06
981181
948746
931469
926360
932143
947285
975084
1.03336e+06
1.1181e+06
1.10333e+06
1.04515e+06
1.00583e+06
978328
963761
960175
966613
981842
1.00893e+06
1.0607e+06
1.12937e+06
1.10261e+06
1.05929e+06
1.02705e+06
1.00422e+06
992354
990345
997504
1.01278e+06
1.03895e+06
1.08496e+06
1.1411e+06
1.10324e+06
1.07176e+06
1.04603e+06
1.02765e+06
1.01847e+06
1.01804e+06
1.02591e+06
1.04124e+06
1.06634e+06
1.10723e+06
1.15353e+06
1.10428e+06
1.08278e+06
1.0632e+06
1.04914e+06
1.04263e+06
1.04379e+06
1.05234e+06
1.06768e+06
1.09164e+06
1.12804e+06
1.16659e+06
1.10489e+06
1.09219e+06
1.07859e+06
1.06887e+06
1.06512e+06
1.06789e+06
1.07716e+06
1.09248e+06
1.11524e+06
1.14767e+06
1.17999e+06
1.10435e+06
1.09973e+06
1.09223e+06
1.08718e+06
1.08655e+06
1.09121e+06
1.10134e+06
1.11666e+06
1.1382e+06
1.16693e+06
1.19385e+06
1.10197e+06
1.105e+06
1.10386e+06
1.10399e+06
1.107e+06
1.11395e+06
1.12515e+06
1.14046e+06
1.16059e+06
1.18566e+06
1.20765e+06
1.09692e+06
1.1071e+06
1.11244e+06
1.11815e+06
1.12538e+06
1.13513e+06
1.14772e+06
1.16309e+06
1.18169e+06
1.20309e+06
1.22048e+06
1.08838e+06
1.10493e+06
1.11634e+06
1.12744e+06
1.13885e+06
1.15144e+06
1.16549e+06
1.18097e+06
1.19811e+06
1.21627e+06
1.22992e+06
1.07684e+06
1.09855e+06
1.11503e+06
1.13076e+06
1.14589e+06
1.1611e+06
1.1766e+06
1.19237e+06
1.20847e+06
1.22418e+06
1.23512e+06
1.06335e+06
1.08904e+06
1.10959e+06
1.12915e+06
1.14745e+06
1.16496e+06
1.18184e+06
1.19804e+06
1.21347e+06
1.22746e+06
1.23658e+06
1.04852e+06
1.07736e+06
1.10121e+06
1.12393e+06
1.1449e+06
1.16442e+06
1.18255e+06
1.19922e+06
1.21426e+06
1.22709e+06
1.23502e+06
1.03284e+06
1.06429e+06
1.09085e+06
1.11621e+06
1.13943e+06
1.16066e+06
1.17989e+06
1.19703e+06
1.21185e+06
1.22389e+06
1.23108e+06
1.01665e+06
1.05039e+06
1.07927e+06
1.10687e+06
1.13199e+06
1.15466e+06
1.17481e+06
1.19235e+06
1.20707e+06
1.21857e+06
1.22528e+06
1.00019e+06
1.03609e+06
1.06705e+06
1.09661e+06
1.12336e+06
1.14725e+06
1.16816e+06
1.18602e+06
1.20067e+06
1.21176e+06
1.21814e+06
983603
1.02171e+06
1.05461e+06
1.08596e+06
1.11414e+06
1.13906e+06
1.16059e+06
1.17869e+06
1.19326e+06
1.20403e+06
1.21016e+06
967000
1.00752e+06
1.04231e+06
1.07536e+06
1.10481e+06
1.13061e+06
1.15265e+06
1.17093e+06
1.1854e+06
1.1959e+06
1.20183e+06
950479
993789
1.0305e+06
1.0652e+06
1.09582e+06
1.12238e+06
1.14482e+06
1.1632e+06
1.17757e+06
1.18783e+06
1.19359e+06
934539
981111
1.01976e+06
1.0561e+06
1.08778e+06
1.11501e+06
1.13777e+06
1.15623e+06
1.1705e+06
1.18058e+06
1.1862e+06
920410
970423
1.01088e+06
1.04873e+06
1.08131e+06
1.10907e+06
1.13207e+06
1.15057e+06
1.16475e+06
1.17469e+06
1.18021e+06
907724
961329
1.00348e+06
1.04271e+06
1.07607e+06
1.10426e+06
1.12744e+06
1.14594e+06
1.16004e+06
1.16986e+06
1.17532e+06
895582
953095
996953
1.03748e+06
1.07154e+06
1.10011e+06
1.12342e+06
1.14193e+06
1.15593e+06
1.16567e+06
1.1711e+06
883011
945025
990716
1.03257e+06
1.06731e+06
1.09621e+06
1.11965e+06
1.13813e+06
1.15206e+06
1.16173e+06
1.16716e+06
868936
936446
984241
1.02753e+06
1.06298e+06
1.09224e+06
1.1158e+06
1.13428e+06
1.14813e+06
1.15775e+06
1.16324e+06
852334
926705
977010
1.02193e+06
1.0582e+06
1.08786e+06
1.11157e+06
1.13007e+06
1.14388e+06
1.15349e+06
1.15909e+06
831355
914455
967923
1.01484e+06
1.05214e+06
1.08235e+06
1.10634e+06
1.12493e+06
1.13876e+06
1.14844e+06
1.15426e+06
802420
896728
954386
1.00399e+06
1.04283e+06
1.07396e+06
1.0985e+06
1.11743e+06
1.13144e+06
1.14134e+06
1.14756e+06
758130
866397
929631
983131
1.02451e+06
1.05742e+06
1.08322e+06
1.10306e+06
1.11773e+06
1.12824e+06
1.13529e+06
679102
802568
872055
930801
976308
1.01261e+06
1.04125e+06
1.0635e+06
1.08021e+06
1.09256e+06
1.10182e+06
516626
646524
716246
776970
824632
863471
894945
920273
940265
956207
970158
767619
829719
869233
903199
928839
943415
948046
944764
935380
920458
899579
872028
838845
805604
774885
748574
727741
713378
706235
706981
731837
774039
824775
879612
929137
971639
1.00633e+06
1.03326e+06
1.04966e+06
1.05201e+06
1.03652e+06
999562
942582
884895
818755
659322
691309
709663
720356
725913
727357
725625
721560
716015
709428
701787
692570
681283
669223
658135
649285
642970
639129
637396
636315
641727
652928
665994
679357
691779
703636
715147
726091
735671
742853
745956
742590
731966
715612
689096
10266.1
10525.4
10763.9
10965.5
11130.2
11264
11371.4
11457
11524.9
11574.3
11606.1
11621.2
11627.4
11638.9
11644.7
11644.5
11637.2
11621.6
11596.2
11572
11601.1
11664.7
11726.3
11793.2
11841.2
11868.1
11870.3
11854.4
11817.4
11752.7
11651
11502.2
11311.4
11090.8
10841.9
11762.4
11937.8
12103.7
12256.5
12397.5
12527.2
12645.9
12753.9
12851.6
12943.6
13032.6
13119.1
13199.4
13265.1
13316.6
13355.6
13383.6
13402.3
13413.5
13420.1
13427.4
13430.6
13422
13399.6
13364.4
13318.2
13262
13193.3
13111
13014.5
12903.2
12775.9
12634.1
12500.8
12373.7
11349.4
11442.9
11537
11627
11713.2
11795.6
11874.1
11948.5
12018.8
12088.1
12159.4
12234.4
12310.2
12377
12432.7
12477.9
12512.8
12537.9
12553.7
12559.4
12554.8
12539.2
12511.9
12475.9
12436.8
12395.4
12351.1
12301.7
12246.5
12185.7
12119.6
12048.4
11976
11911.7
11850.3
11470.1
11531.4
11593
11652.6
11710.4
11766.3
11820.1
11871.6
11920.8
11969.7
12020.4
12074.6
12130.6
12181.5
12225.1
12260.9
12289.2
12309.9
12323.1
12328.9
12326.1
12314.9
12296.3
12272.2
12246.5
12219.5
12191.1
12159.7
12125.1
12087.4
12047
12004.1
11961.1
11923.8
11888.6
11482.7
11521.5
11561.7
11601.2
11640
11677.9
11714.8
11750.5
11785
11819.9
11856.6
11896.5
11938.8
11978.2
12012.5
12041.6
12065.1
12083
12095.3
12101.8
12101.7
12095.2
12083.6
12068.1
12051.7
12034.7
12016.9
11997.6
11976.5
11953.9
11929.8
11904.4
11879.3
11858.4
11839.6
11515.9
11541.6
11569
11596.1
11622.8
11648.9
11674.4
11699.2
11723.2
11747.6
11773.6
11802.1
11832.7
11861.8
11887.8
11910.1
11928.9
11943.8
11954.8
11961.9
11964.9
11963.3
11957.7
11949.8
11941
11931.7
11921.9
11911
11899.2
11886.4
11872.7
11858.2
11843.9
11832
11821.9
11538.7
11556.3
11575.4
11594.4
11613
11631.3
11649.2
11666.6
11683.6
11700.8
11719.3
11739.9
11762.2
11783.9
11803.6
11821
11836.1
11848.7
11858.7
11866.1
11871
11872.9
11871.8
11869
11865.3
11861.1
11856.5
11851.2
11845.3
11838.8
11831.7
11824.1
11816.4
11810.1
11805.1
11557
11569.5
11583.3
11597
11610.4
11623.5
11636.2
11648.6
11660.7
11673.1
11686.4
11701.3
11717.8
11734.1
11749.2
11763
11775.3
11786
11795.2
11802.7
11808.6
11812.9
11815.1
11815.5
11815.2
11814.3
11813.1
11811.4
11809.3
11806.8
11803.9
11800.7
11797.2
11794.3
11792.1
11570.5
11579.8
11590.2
11600.4
11610.4
11619.9
11629.2
11638.2
11647
11656
11665.7
11676.7
11689.1
11701.6
11713.4
11724.5
11734.8
11744.2
11752.6
11760.1
11766.6
11772.1
11776.4
11779.4
11781
11782.2
11783.1
11783.8
11784.1
11784.1
11783.9
11783.4
11782.5
11781.8
11781.4
11580.4
11587.6
11595.9
11603.8
11611.4
11618.6
11625.5
11632.2
11638.7
11645.3
11652.6
11660.9
11670.4
11680.2
11689.7
11698.9
11707.6
11716
11723.8
11731.1
11738
11744.2
11749.7
11754.1
11757.4
11760
11762.2
11764.2
11766.1
11767.8
11769.2
11770.5
11771.2
11771.8
11772.5
11587.5
11593.4
11600.3
11606.7
11612.7
11618.4
11623.7
11628.7
11633.6
11638.6
11644.1
11650.5
11657.9
11665.7
11673.6
11681.3
11689
11696.5
11703.9
11711.1
11718
11724.8
11731
11736.2
11740.4
11744
11747.2
11750.1
11753
11755.7
11758.2
11760.6
11762.4
11763.8
11765.2
11592.5
11597.7
11603.6
11609
11614
11618.5
11622.7
11626.6
11630.4
11634.2
11638.4
11643.4
11649.3
11655.7
11662.3
11669
11675.9
11682.8
11689.8
11696.8
11703.8
11710.8
11717.5
11723.3
11728
11732.1
11736
11739.7
11743.1
11746.5
11749.8
11752.8
11755.3
11757.3
11759.1
11596.1
11600.8
11606.1
11611
11615.2
11618.9
11622.3
11625.3
11628.2
11631.1
11634.4
11638.3
11643
11648.4
11654
11660
11666.2
11672.7
11679.3
11686.1
11693.2
11700.3
11707.3
11713.5
11718.7
11723.2
11727.4
11731.5
11735.5
11739.3
11743.1
11746.6
11749.5
11751.8
11754
11598.6
11603.1
11608.1
11612.6
11616.3
11619.5
11622.2
11624.6
11626.7
11629
11631.4
11634.4
11638.3
11642.8
11647.7
11653
11658.7
11664.7
11671.1
11677.8
11684.8
11692.1
11699.3
11705.8
11711.2
11716
11720.5
11724.9
11729.2
11733.5
11737.5
11741.4
11744.6
11747.2
11749.5
11600.7
11605.1
11610
11614.1
11617.4
11620.2
11622.3
11624.2
11625.8
11627.4
11629.2
11631.4
11634.5
11638.2
11642.5
11647.2
11652.5
11658.2
11664.3
11670.9
11677.8
11685.2
11692.6
11699.3
11705
11710
11714.7
11719.3
11723.9
11728.3
11732.6
11736.8
11740.2
11742.9
11745.4
11602.7
11607.1
11611.9
11615.8
11618.9
11621.2
11622.9
11624.2
11625.3
11626.3
11627.5
11629.1
11631.3
11634.4
11638
11642.2
11647
11652.4
11658.3
11664.7
11671.6
11679
11686.6
11693.4
11699.3
11704.5
11709.4
11714.2
11718.9
11723.5
11728
11732.3
11735.9
11738.7
11741.3
11604.9
11609.4
11614.2
11618
11620.8
11622.7
11624
11624.9
11625.4
11625.8
11626.3
11627.1
11628.7
11631
11634
11637.7
11642
11647
11652.6
11658.8
11665.6
11673
11680.7
11687.7
11693.7
11699.1
11704.1
11709
11713.9
11718.7
11723.3
11727.8
11731.4
11734.3
11736.9
11607.9
11612.5
11617.3
11621
11623.5
11625.1
11626
11626.3
11626.2
11626
11625.8
11625.9
11626.5
11628.1
11630.4
11633.4
11637.3
11641.8
11647
11653
11659.7
11667
11674.7
11681.8
11687.9
11693.4
11698.5
11703.5
11708.5
11713.4
11718.1
11722.7
11726.5
11729.3
11732
11611.9
11616.8
11621.7
11625.2
11627.4
11628.6
11628.9
11628.7
11627.9
11627
11626.1
11625.2
11624.9
11625.6
11627.1
11629.5
11632.6
11636.6
11641.4
11647
11653.4
11660.6
11668.2
11675.3
11681.5
11687
11692.2
11697.3
11702.3
11707.2
11712
11716.6
11720.4
11723.3
11725.9
11617.7
11622.7
11627.6
11631
11632.9
11633.6
11633.4
11632.4
11631
11629.2
11627.3
11625.5
11624.1
11623.7
11624.3
11625.7
11628.2
11631.5
11635.7
11640.7
11646.7
11653.5
11661
11668.1
11674.2
11679.7
11684.8
11689.9
11694.8
11699.7
11704.5
11709.1
11712.8
11715.6
11718.2
11625.5
11630.8
11635.8
11639
11640.5
11640.7
11639.7
11638
11635.7
11633
11630
11627
11624.3
11622.7
11622
11622.4
11623.8
11626.2
11629.6
11634
11639.3
11645.7
11652.9
11659.7
11665.7
11671.1
11676
11680.9
11685.7
11690.5
11695.2
11699.6
11703.2
11705.9
11708.3
11636.3
11641.8
11646.9
11649.8
11650.9
11650.4
11648.6
11645.9
11642.6
11638.8
11634.6
11630.1
11625.9
11622.8
11620.7
11619.7
11619.9
11621.1
11623.4
11626.8
11631.3
11636.9
11643.5
11650
11655.7
11660.7
11665.4
11670
11674.5
11679
11683.4
11687.6
11690.9
11693.3
11695.5
11650.7
11656.5
11661.6
11664.3
11664.7
11663.4
11660.7
11657
11652.4
11647.3
11641.7
11635.5
11629.5
11624.5
11620.7
11618.1
11616.6
11616.4
11617.2
11619.3
11622.6
11627.1
11632.8
11638.6
11643.8
11648.3
11652.5
11656.5
11660.5
11664.5
11668.4
11672.2
11675.1
11677.1
11678.9
11669.7
11675.8
11680.9
11683.2
11683
11680.7
11676.9
11671.9
11666
11659.5
11652.1
11643.9
11635.7
11628.5
11622.6
11618
11614.5
11612.3
11611.4
11611.7
11613.2
11616.2
11620.6
11625.4
11629.7
11633.4
11636.8
11640.1
11643.3
11646.4
11649.6
11652.7
11655
11656.3
11657.5
11694.3
11700.9
11706
11707.9
11706.9
11703.6
11698.5
11692
11684.6
11676.2
11666.9
11656.5
11645.7
11635.9
11627.4
11620.2
11614.3
11609.6
11606.3
11604.3
11603.6
11604.4
11606.9
11610.2
11613.2
11615.7
11618
11620
11622
11624
11626
11628
11629.3
11629.8
11630.1
11726.1
11733.2
11738.3
11739.7
11737.8
11733.4
11726.9
11718.8
11709.6
11699.2
11687.6
11674.6
11660.8
11648
11636.5
11626.2
11617.1
11609.4
11603
11597.9
11594.2
11592.1
11592
11593.1
11594.2
11595
11595.5
11595.8
11596
11596.2
11596.6
11597.1
11596.9
11596.1
11595.2
11766.7
11774.4
11779.7
11780.6
11777.8
11772.1
11764.1
11754.2
11743
11730.5
11716.3
11700.3
11683.1
11666.8
11651.7
11637.7
11624.9
11613.2
11602.9
11593.8
11586.1
11580
11576.3
11574.3
11572.7
11571
11569.1
11566.9
11564.6
11562.3
11560.3
11558.4
11556.3
11553.7
11550.9
11818
11826.8
11832.4
11832.9
11829.2
11822.2
11812.6
11800.9
11787.6
11772.7
11755.8
11736.6
11715.6
11695.3
11675.9
11657.4
11639.9
11623.4
11608.1
11593.9
11580.9
11569.6
11560.8
11554.6
11549.3
11544
11538.6
11532.9
11527.1
11521.3
11515.8
11510.7
11505.7
11500.5
11495.4
11882.2
11892.5
11898.9
11899.2
11894.8
11886.7
11875.7
11862.2
11846.7
11829.4
11809.5
11786.8
11761.7
11736.8
11712.5
11688.8
11665.7
11643.2
11621.6
11600.8
11581
11562.6
11547.2
11535.1
11524.6
11514.6
11504.3
11493.7
11482.9
11472.2
11461.9
11452.2
11443.2
11434.5
11425.9
11963
11975.6
11983.3
11984.1
11979.3
11970.5
11958.4
11943.3
11925.8
11906
11883.3
11857.1
11827.7
11797.8
11767.8
11737.9
11707.9
11678.1
11648.5
11619.3
11590.6
11562.8
11538.4
11518.4
11500.7
11484
11467
11449.6
11432
11414.5
11397.5
11381.2
11366.6
11352.9
11339.6
12068.6
12084.8
12094.9
12096.9
12092.6
12084
12071.4
12055.2
12036.3
12014.5
11989.3
11959.8
11926.1
11890.9
11854.6
11817.2
11778.8
11739.7
11699.9
11659.7
11619
11578.7
11541.8
11510.6
11482.9
11456.7
11430.4
11403.6
11376.4
11349.4
11323
11297.7
11275.1
11254.5
11234.7
12202
12223.6
12238.2
12243
12241
12233.9
12222.2
12205.9
12186.1
12163
12135.8
12103.5
12065.7
12024.9
11981.5
11935.7
11887.6
11837.4
11785.4
11731.7
11676.2
11619.9
11566.8
11520.9
11479.6
11440.5
11401.5
11361.6
11321.4
11281.2
11241.7
11203.6
11170
11139.8
11110.9
12331.8
12362
12384
12394.4
12397
12394.1
12385
12369.8
12349.9
12325.6
12296.3
12260.4
12217.7
12170.9
12120.2
12065.6
12007.4
11945.6
11880.5
11812.2
11740.9
11667.5
11597.4
11536
11479.9
11426.1
11371.9
11316.2
11259.4
11202.4
11145.7
11090.3
11041.5
10997.7
10955.7
12502.9
12543.4
12575.2
12593
12602.1
12605.6
12601.6
12589.3
12571.3
12548
12518.5
12481.2
12434.7
12381.1
12320.7
12253.6
12180.2
12100.5
12015
11923.7
11827.2
11726.6
11629.6
11544.7
11467.8
11394.5
11320.3
11244.1
11166.3
11087.8
11009.3
10932.5
10864.9
10804.1
10745
13157.1
13215.6
13268.5
13302.3
13324.3
13338.9
13342
13333.7
13319.8
13302.6
13281.2
13251.4
13205.7
13140.6
13060.1
12967.2
12863.5
12749.4
12625.3
12490.9
12345.3
12188.1
12026.7
11877.1
11742.4
11618.9
11499.6
11380.9
11262
11143.5
11025.8
10911.1
10812
10729.5
10655.9
14112.2
14221.8
14312.5
14375.8
14422.3
14458.8
14475.1
14470.4
14454.4
14429.2
14393.1
14342.7
14274.8
14192.3
14098.7
13994.1
13878.3
13751.3
13613.1
13463.7
13303.6
13134.5
12964.2
12803.4
12648.8
12497.2
12343.7
12186.1
12023.7
11856.5
11685.1
11511.6
11348.5
11197.8
11058
11078.3
11141.2
11207.3
11257.5
11279.5
11273.4
11268.4
11273.5
11271.5
11252.3
11210.6
11145.1
11065.1
10991
10920.7
10849.2
10773.2
10690.5
10599.4
10497.5
10382.2
10252.1
10119.4
10006.8
9911.53
9823.55
9730.02
9624.87
9507.75
9379.91
9242.3
9098
8979.46
8892.15
8808.37
697557
704232
709487
712060
712578
711639
709633
707093
704518
702070
699709
697349
694856
692270
689585
686783
683824
680591
676887
672443
666946
660067
652047
643801
635134
626101
616425
606077
595039
583279
570784
557594
545557
535033
525626
715132
728636
738898
743736
744511
742529
739022
734664
729742
724252
717962
710668
702512
694455
686714
679106
671426
663425
654812
645254
634428
622127
609010
596337
583682
570786
557055
542321
526630
510087
492783
474855
458579
444344
431254
790464
808166
821720
828427
830175
828616
825014
820125
814384
807827
800126
790860
779938
768362
756621
744550
731940
718476
703789
687423
668855
647687
624862
602695
581245
560088
538299
515521
491880
467607
442893
417975
395804
377214
360960
826740
847027
862126
869436
871395
869891
866215
861158
855170
848284
840120
830149
818063
804717
790741
776004
760272
743177
724234
702798
678098
649504
618133
587252
557568
528728
499648
469865
439583
409114
378706
348605
322041
300269
281907
864863
886614
902107
909369
911288
909867
906277
901253
895241
888246
879865
869477
856631
842080
826547
809877
791780
771796
749311
723439
693094
657294
617307
577541
539753
503713
468189
432526
396964
361872
327499
294066
264956
241739
222697
896140
918595
933716
940417
941933
940293
936662
931682
925713
918718
910262
899700
886418
871009
854318
836162
816183
793847
768416
738780
703476
661130
613022
564826
519664
477406
436643
396481
357150
319031
282346
247249
217101
193600
174738
925858
948826
963352
969349
970344
968357
964472
959280
953123
945979
937388
926622
912942
896687
878939
859465
837871
813548
785710
753041
713756
666055
611047
555590
504335
457179
412510
369179
327436
287682
250109
214795
184948
162183
144226
953873
977592
991602
996872
997263
994801
990526
984972
978452
970921
961884
950588
936283
919302
900571
879901
856895
830828
801050
766083
723938
672445
612285
551039
494880
443718
395806
349816
306086
265096
227031
191890
162674
140808
123821
981145
1.00624e+06
1.01998e+06
1.02454e+06
1.02423e+06
1.02115e+06
1.01631e+06
1.01022e+06
1.00316e+06
995082
985429
973419
958249
940196
920276
898324
874002
846703
815502
779007
735221
681797
618743
553519
493520
438856
387815
339034
293073
250609
211916
176973
148489
127508
111396
1.00743e+06
1.03491e+06
1.04875e+06
1.05261e+06
1.0515e+06
1.04765e+06
1.04208e+06
1.03527e+06
1.02751e+06
1.01871e+06
1.00828e+06
995384
979195
959994
938888
915728
890196
861708
829381
791903
747370
693484
629838
562962
500546
443002
388944
337114
288331
243575
203345
167713
139233
118637
103084
1.03169e+06
1.0631e+06
1.07756e+06
1.08074e+06
1.07872e+06
1.07397e+06
1.06753e+06
1.05988e+06
1.05128e+06
1.04164e+06
1.0303e+06
1.01641e+06
999104
978706
956434
932161
905604
876226
843224
805403
761013
707848
645077
578103
514399
454599
397659
342432
290056
241970
199120
161855
132739
112156
96935.6
1.05166e+06
1.08935e+06
1.10513e+06
1.1077e+06
1.10473e+06
1.09901e+06
1.09163e+06
1.08309e+06
1.07362e+06
1.0631e+06
1.05084e+06
1.03592e+06
1.0175e+06
995965
972633
947409
920034
890031
856691
818964
775288
723606
662827
597189
533513
472418
413113
354497
297971
245514
198761
158653
128050
107004
91848.6
1.06405e+06
1.11153e+06
1.12954e+06
1.13161e+06
1.12775e+06
1.12112e+06
1.11288e+06
1.1035e+06
1.09323e+06
1.08192e+06
1.06882e+06
1.05299e+06
1.03358e+06
1.0111e+06
986920
960979
933046
902700
869324
832008
789398
739635
681543
618396
556079
494908
434153
372615
311777
254090
202032
157540
124283
102143
86747.8
1.06517e+06
1.12742e+06
1.14849e+06
1.15025e+06
1.14568e+06
1.13836e+06
1.12947e+06
1.11947e+06
1.10862e+06
1.09672e+06
1.08301e+06
1.06651e+06
1.04641e+06
1.02328e+06
998578
972249
944084
913713
880590
843950
802624
755001
699967
640139
580412
520561
459684
396242
331537
268258
209671
159033
121575
97507.9
81532.9
1.05288e+06
1.13599e+06
1.1602e+06
1.16173e+06
1.15679e+06
1.14914e+06
1.13995e+06
1.12968e+06
1.11856e+06
1.10639e+06
1.09238e+06
1.07557e+06
1.05515e+06
1.03179e+06
1.00698e+06
980664
952656
922617
890077
854376
814519
769132
717285
661218
604997
547829
488386
424550
357010
288275
222137
163272
119328
91960.1
74856.8
1.03215e+06
1.14037e+06
1.16547e+06
1.1664e+06
1.16119e+06
1.15343e+06
1.14418e+06
1.13388e+06
1.12273e+06
1.11053e+06
1.09651e+06
1.07971e+06
1.05935e+06
1.03619e+06
1.01171e+06
985849
958442
929158
897587
863149
824995
781955
733314
681156
628992
575611
519253
457067
388634
315532
241396
172103
118660
86020.7
67005.5
1.01374e+06
1.14484e+06
1.16628e+06
1.16577e+06
1.16e+06
1.15196e+06
1.14256e+06
1.1322e+06
1.12106e+06
1.10893e+06
1.09505e+06
1.07848e+06
1.05853e+06
1.03601e+06
1.01235e+06
987478
961203
933212
903116
870401
834316
793870
748515
700280
652365
603416
551463
493095
426599
351688
270258
187868
119628
78330.8
56926.7
1.01531e+06
1.14853e+06
1.16164e+06
1.15886e+06
1.15211e+06
1.14354e+06
1.13389e+06
1.12346e+06
1.11242e+06
1.10053e+06
1.08704e+06
1.07107e+06
1.05203e+06
1.03075e+06
1.00855e+06
985308
960810
934737
906710
876248
842676
805131
763176
718770
674951
630425
583308
530127
468370
395774
310711
214059
119605
54477.2
24339.3
853183
926204
950842
967492
983090
999532
1.01749e+06
1.03723e+06
1.05876e+06
1.08266e+06
1.11047e+06
1.1438e+06
1.18302e+06
1.22443e+06
1.26195e+06
1.29075e+06
1.31012e+06
1.32403e+06
1.33619e+06
1.34792e+06
1.35881e+06
1.36724e+06
1.37043e+06
1.3654e+06
1.35111e+06
1.32818e+06
1.29602e+06
1.25374e+06
1.20003e+06
1.13305e+06
1.04961e+06
945988
837842
744154
640064
842971
911347
934749
950988
966617
983393
1.00192e+06
1.0224e+06
1.04481e+06
1.0697e+06
1.09856e+06
1.13292e+06
1.17304e+06
1.21524e+06
1.25292e+06
1.28126e+06
1.30016e+06
1.31384e+06
1.3259e+06
1.33741e+06
1.34778e+06
1.35508e+06
1.35628e+06
1.34808e+06
1.32948e+06
1.30128e+06
1.26294e+06
1.21317e+06
1.15013e+06
1.07142e+06
972730
847692
711429
591777
462504
829448
892656
914650
930341
945890
962916
981949
1.00314e+06
1.02644e+06
1.05233e+06
1.08229e+06
1.11775e+06
1.15884e+06
1.20189e+06
1.23963e+06
1.26797e+06
1.28703e+06
1.30103e+06
1.3135e+06
1.3254e+06
1.33608e+06
1.34352e+06
1.3446e+06
1.33568e+06
1.31569e+06
1.28567e+06
1.24525e+06
1.19298e+06
1.12687e+06
1.04457e+06
941793
810592
662813
534480
401115
809943
868053
888749
903963
919504
936855
956477
978483
1.00276e+06
1.02976e+06
1.06092e+06
1.0976e+06
1.13986e+06
1.18407e+06
1.22253e+06
1.25139e+06
1.27108e+06
1.28584e+06
1.29911e+06
1.31181e+06
1.3232e+06
1.33134e+06
1.33302e+06
1.32433e+06
1.30403e+06
1.2733e+06
1.23195e+06
1.17852e+06
1.11086e+06
1.02682e+06
922364
788135
629023
487669
342591
784124
837204
856677
871465
887047
904791
925083
947985
973342
1.00155e+06
1.03404e+06
1.07212e+06
1.11587e+06
1.1617e+06
1.2015e+06
1.23155e+06
1.25242e+06
1.26837e+06
1.28287e+06
1.29688e+06
1.3097e+06
1.31937e+06
1.32268e+06
1.31547e+06
1.2963e+06
1.26638e+06
1.22608e+06
1.1733e+06
1.10613e+06
1.0226e+06
919171
786238
619625
463705
303433
751169
799335
817688
832123
847832
866060
887129
911035
937592
967144
1.00113e+06
1.04088e+06
1.08653e+06
1.13458e+06
1.1765e+06
1.2085e+06
1.23115e+06
1.24875e+06
1.26492e+06
1.28075e+06
1.29565e+06
1.30774e+06
1.31388e+06
1.3097e+06
1.29328e+06
1.26581e+06
1.22769e+06
1.17692e+06
1.11161e+06
1.02996e+06
928801
800193
635159
464646
286154
710040
753488
770897
785125
801097
819960
841946
867005
894913
925977
961680
1.00341e+06
1.0515e+06
1.10249e+06
1.14741e+06
1.18227e+06
1.20736e+06
1.22707e+06
1.24531e+06
1.26344e+06
1.28104e+06
1.29642e+06
1.30658e+06
1.30696e+06
1.29497e+06
1.27165e+06
1.23741e+06
1.1904e+06
1.12879e+06
1.05089e+06
954005
830982
670341
493656
307254
659813
698819
715507
729730
746193
765908
789024
815442
844896
877684
915379
959517
1.01063e+06
1.0654e+06
1.11433e+06
1.15302e+06
1.18128e+06
1.20353e+06
1.22421e+06
1.24503e+06
1.26588e+06
1.28535e+06
1.30071e+06
1.3072e+06
1.30136e+06
1.28401e+06
1.25542e+06
1.21397e+06
1.1578e+06
1.08535e+06
994428
878958
727069
551917
360456
600658
635578
651789
666226
683433
704280
728794
756793
787993
822706
862644
909555
964245
1.02349e+06
1.07741e+06
1.12098e+06
1.15313e+06
1.17831e+06
1.20164e+06
1.22541e+06
1.24996e+06
1.27432e+06
1.29616e+06
1.31058e+06
1.31311e+06
1.30419e+06
1.28385e+06
1.25065e+06
1.20261e+06
1.13812e+06
1.05528e+06
949173
809496
642356
447027
523770
557096
575142
591650
611075
634202
660917
690990
724159
760842
802992
852678
911085
975225
1.03509e+06
1.0849e+06
1.12203e+06
1.15069e+06
1.17688e+06
1.20365e+06
1.23202e+06
1.26173e+06
1.29113e+06
1.31547e+06
1.32928e+06
1.33257e+06
1.32509e+06
1.30578e+06
1.27265e+06
1.22408e+06
1.15876e+06
1.07329e+06
960525
819564
635971
390640
435302
464575
490592
517602
546648
577919
611494
647460
686662
731511
784547
847323
917082
984461
1.04288e+06
1.08707e+06
1.12024e+06
1.14943e+06
1.17874e+06
1.21012e+06
1.2443e+06
1.28059e+06
1.31492e+06
1.34129e+06
1.35927e+06
1.36828e+06
1.36774e+06
1.35575e+06
1.33102e+06
1.29382e+06
1.24503e+06
1.18496e+06
1.11048e+06
1.00281e+06
318258
417302
497632
565405
623492
674955
722050
766458
809381
851635
893051
932305
973110
1.03683e+06
1.12949e+06
435742
535690
616139
683250
740029
789523
834016
875171
914187
951854
988067
1.02169e+06
1.05623e+06
1.10868e+06
1.1677e+06
532632
622261
693892
753190
803103
846463
885362
921326
955435
988431
1.02023e+06
1.04988e+06
1.08083e+06
1.12596e+06
1.16737e+06
606342
682007
743313
794683
838502
877058
912047
944721
975967
1.00637e+06
1.03573e+06
1.06321e+06
1.09176e+06
1.12944e+06
1.15616e+06
657892
722818
776508
822200
861719
896884
929073
959328
988391
1.01671e+06
1.04406e+06
1.06975e+06
1.09609e+06
1.12708e+06
1.14364e+06
697581
754155
801784
842877
878842
911156
940970
969157
996336
1.02285e+06
1.04844e+06
1.07254e+06
1.09687e+06
1.12275e+06
1.13341e+06
730073
779863
822351
859407
892175
921904
949566
975894
1.00141e+06
1.02635e+06
1.05045e+06
1.07325e+06
1.0959e+06
1.11809e+06
1.12565e+06
757614
801587
839453
872773
902553
929863
955524
980163
1.00419e+06
1.02778e+06
1.05066e+06
1.07242e+06
1.09379e+06
1.11346e+06
1.11979e+06
781383
820127
853685
883468
910395
935392
959173
982246
1.00494e+06
1.02737e+06
1.04923e+06
1.0702e+06
1.09063e+06
1.10871e+06
1.11501e+06
802301
836130
865560
891928
916083
938842
960802
982378
1.00382e+06
1.02519e+06
1.04619e+06
1.06651e+06
1.08627e+06
1.10344e+06
1.11044e+06
821806
850697
875937
898828
920151
940601
960676
980701
1.00086e+06
1.02115e+06
1.0413e+06
1.06103e+06
1.08028e+06
1.09696e+06
1.10512e+06
840586
864362
885239
904473
922785
940748
958765
977067
995789
1.01488e+06
1.03409e+06
1.05317e+06
1.07195e+06
1.08844e+06
1.0981e+06
859254
877572
893753
909006
923986
939158
954812
971103
988097
1.00572e+06
1.02376e+06
1.04202e+06
1.06029e+06
1.07682e+06
1.08832e+06
876367
889270
900730
911926
923457
935679
948781
962842
977876
993796
1.01042e+06
1.02762e+06
1.04527e+06
1.06194e+06
1.07528e+06
891158
898884
905839
913142
921350
930690
941268
953089
966109
980244
995346
1.01136e+06
1.02828e+06
1.04503e+06
1.05993e+06
903834
906599
909306
912961
918055
924696
932890
942565
953640
966015
979587
994359
1.01048e+06
1.02721e+06
1.04327e+06
914762
912740
911450
911701
913918
918061
924041
931704
940931
951614
963675
977177
992430
1.00897e+06
1.02579e+06
924267
917600
912546
909646
909222
911078
915018
920816
928309
937384
947971
960183
974488
990664
1.00783e+06
932592
921385
912808
906993
904169
903946
906032
910118
916004
923557
932721
943631
956913
972533
989623
939914
924252
912371
903880
898888
896791
897200
899731
904133
910266
918060
927670
939871
954750
971323
946349
926281
911313
900370
893429
889657
888563
889681
892732
897539
904031
912360
923435
937406
952965
951951
927475
909634
896451
887773
882512
880079
879934
881755
885346
890619
897692
907615
920539
934524
956712
927805
907287
892065
881840
875262
871641
870379
871097
873590
877734
883601
892356
904111
915836
960198
927083
904279
887331
875833
868167
863573
861388
861205
862783
865979
870777
878452
888996
897703
962388
925529
900871
882539
870038
861512
856157
853250
852362
853239
855701
859648
866437
875894
881287
963487
923304
897107
877634
864302
855066
849078
845579
844129
844454
846337
849613
855700
864228
866221
963621
920398
892843
872356
858279
848398
841831
837804
835859
835708
837123
839847
845380
853091
851553
962764
916600
887758
866296
851476
840935
833782
829214
826776
826174
827161
829404
834497
841477
836073
960666
911567
881439
858976
843352
832083
824260
819077
816082
814991
815543
817332
822073
828382
818522
956967
904906
873472
849938
833410
821278
812637
806678
802972
801258
801276
802573
806997
812694
797594
951047
895981
863183
838458
820858
807661
797951
790940
786218
783572
782778
783347
787338
792397
770996
941740
883579
849321
823245
804347
789792
778661
770154
763891
759705
757443
756637
759652
763735
734410
926244
864825
829005
801392
780946
764704
751697
741101
732521
725802
720823
717172
717647
719379
678832
895995
831200
793888
764742
742694
724613
709474
696357
684787
674520
665348
656717
651772
647609
587664
812261
744960
707469
677996
655469
636570
620199
605323
591331
577800
564252
549645
537088
616350
611749
606839
601663
596312
589809
675485
677713
681727
685280
688822
692232
695507
698624
701550
704263
706745
708967
710905
712546
713871
714868
715525
715836
715817
715426
714683
713595
712186
710470
708481
706242
703790
701147
698348
695425
692388
689226
686024
683040
679527
755609
757111
760950
764238
767548
770762
773892
776911
779809
782562
785147
787545
789732
791698
793426
794892
796093
797026
797654
797969
797982
797716
797181
796398
795396
794199
792842
791356
789768
788119
786433
784705
783055
781913
780723
832020
833638
837782
841224
844644
847945
851152
854255
857235
860079
862769
865279
867596
869693
871561
873183
874548
875652
876461
877000
877274
877300
877096
876681
876086
875343
874484
873542
872565
871597
870679
869839
869213
869298
869704
883501
886237
890941
894996
898952
902734
906366
909830
913117
916201
919069
921699
924077
926178
927994
929512
930724
931628
932237
932560
932609
932396
931943
931270
930401
929364
928195
926933
925615
924289
923014
921821
920837
920436
920449
903228
907715
913002
917916
922669
927211
931543
935636
939474
943032
946286
949225
951827
954075
955957
957467
958605
959361
959766
959827
959555
958968
958083
956916
955496
953852
952010
950008
947891
945695
943478
941286
939200
937356
935831
898804
905229
911058
916875
922485
927874
933001
937838
942354
946514
950303
953692
956664
959202
961292
962930
964114
964833
965121
964977
964418
963455
962112
960403
958354
955991
953342
950441
947325
944036
940619
937146
933636
929982
926500
879558
887802
894125
900783
907174
913353
919238
924786
929960
934722
939048
942903
946271
949134
951470
953282
954562
955301
955513
955213
954406
953106
951329
949102
946435
943365
939910
936113
932001
927608
922993
918229
913306
907916
902583
851858
861713
868514
875926
883024
889906
896473
902671
908450
913771
918599
922898
926643
929810
932392
934367
935739
936488
936636
936183
935142
933527
931348
928628
925390
921658
917463
912839
907815
902431
896735
890824
884668
877830
870983
818894
830105
837359
845401
853075
860527
867642
874362
880633
886405
891638
896296
900343
903761
906523
908619
910044
910783
910849
910246
908978
907061
904515
901354
897604
893291
888449
883114
877323
871113
864545
857730
850637
842740
834834
781139
793505
801181
809791
817958
825901
833483
840651
847341
853503
859088
864058
868372
872001
874920
877117
878578
879286
879261
878498
877008
874803
871902
868324
864096
859250
853815
847835
841350
834401
827050
819427
811513
802674
793726
738455
751957
760112
769286
777921
786305
794286
801822
808848
815305
821151
826335
830829
834590
837598
839829
841281
841926
841779
840836
839101
836592
833320
829313
824595
819196
813160
806523
799336
791636
783486
775021
766242
756368
746139
690640
705454
714096
724010
733301
742328
750916
759008
766545
773469
779720
785256
790035
794023
797195
799528
801002
801609
801339
800196
798186
795316
791599
787063
781726
775629
768796
761272
753100
744315
734964
725185
715001
703492
691203
641046
657386
666602
677401
687473
697270
706576
715348
723499
730977
737718
743672
748800
753062
756429
758876
760382
760940
760538
759172
756847
753569
749356
744227
738200
731311
723588
715071
705806
695822
685170
673980
662345
649269
635064
592497
610349
620196
631913
642762
653336
663355
672785
681535
689544
696751
703097
708543
713049
716585
719118
720632
721118
720563
718956
716303
712616
707907
702188
695490
687842
679280
669843
659588
648555
636791
624452
611694
597538
581973
545695
565005
575512
588181
599834
611194
621937
632037
641387
649926
657590
664322
670079
674817
678507
681123
682645
683056
682350
680514
677558
673487
668312
662056
654745
646412
637098
626854
615738
603809
591123
577841
564193
549242
532578
500786
521570
532783
546471
558972
571181
582688
593485
603463
612554
620689
627813
633885
638864
642721
645425
646957
647313
646469
644427
641191
636769
631173
624427
616558
607609
597619
586646
574754
562023
548517
534388
519943
504319
486634
457709
480034
492012
506816
520239
533365
545704
557258
567907
577584
586224
593771
600181
605421
609454
612262
613823
614138
613182
610957
607465
602719
596736
589533
581145
571611
560978
549310
536680
523174
508865
493901
478649
462360
443591
416316
440299
453108
469148
483571
497702
510940
523313
534687
544996
554170
562165
568933
574448
578680
581608
583215
583496
582442
580050
576324
571275
564916
557274
548381
538276
527007
514642
501262
486953
471811
455961
439831
422831
402825
376332
402159
415882
433305
448822
464057
478262
491515
503658
514631
524371
532835
539982
545786
550226
553282
554942
555208
554066
551515
547563
542219
535494
527415
518014
507322
495400
482310
468127
452959
436899
420069
402919
385092
363586
337423
365386
380132
399126
415854
432307
447560
461752
474702
486369
496688
505627
513155
519255
523906
527099
528819
529070
527844
525144
520965
515326
508230
499704
489773
478473
465851
451974
436919
420790
403700
385748
367392
348619
325255
299075
329652
345613
366488
384615
402458
418869
434077
447876
460248
471143
480546
488436
494805
499643
502950
504717
504951
503636
500774
496368
490423
482943
473949
463460
451505
438128
423385
407359
390144
371867
352613
332779
312854
286962
261509
295125
312342
335441
355210
374704
392479
408882
423676
436888
448478
458444
466787
473510
478613
482104
483981
484254
482908
479942
475356
469154
461339
451914
440899
428309
414175
398544
381472
363044
343373
322531
300724
279122
249857
228229
264673
283244
308557
329924
351004
370060
387577
403291
417270
429483
439960
448705
455740
461074
464723
466682
466972
465579
462502
457743
451297
443158
433333
421817
408619
393755
377249
359144
339502
318419
295994
272177
249025
216765
199814
238537
258489
285784
308549
330992
351120
369559
386020
400614
413329
424201
433261
440528
446028
449772
451772
452038
450571
447368
442422
435729
427281
417059
405065
391286
375724
358388
339305
318523
296124
272295
246702
222461
188092
174980
215560
236918
265995
289980
313583
334591
353777
370830
385906
399000
410173
419460
426893
432496
436294
438296
438515
436953
433605
428470
421526
412768
402170
389717
375388
359170
341058
321068
299243
275652
250618
223494
198577
162781
152263
194578
217432
248186
273267
297876
319611
339400
356913
372355
385730
397113
406552
414082
419742
423550
425519
425671
423999
420500
415167
407980
398915
387953
375060
360207
343369
324531
303696
280912
256223
230143
201644
176344
139470
130627
174803
199267
231694
257805
283327
305687
325980
343865
359592
373178
384716
394257
401853
407534
411336
413269
413348
411569
407929
402416
395004
385667
374374
361086
345764
328373
308885
287292
263648
237952
210940
181092
155478
117419
110117
156477
182663
216768
243835
270171
293051
313754
331923
347861
361594
373233
382834
390457
396138
399914
401792
401796
399917
396145
390464
382851
373274
361694
348065
332339
314470
294418
272159
247752
221116
193233
161945
135933
96326
90906.4
140041
168008
203774
231691
258728
282019
303031
321396
337471
351287
362971
372587
380200
385852
389576
391388
391307
389320
385422
379593
371806
362023
350200
336286
320225
301956
281430
258601
233527
206016
177304
144443
117903
76248.2
73197.4
126083
155751
522775
424247
1.04093e+06
1.11713e+06
1.1283e+06
1.12766e+06
1.12308e+06
1.11651e+06
1.1087e+06
1.10001e+06
1.09066e+06
1.08047e+06
1.06881e+06
1.0549e+06
1.03822e+06
1.01946e+06
999846
979254
957482
934227
909134
881764
851525
817665
779833
739862
700595
660910
619203
572417
518205
453882
375909
280266
171525
82405.6
823.663
997705
1.07259e+06
1.08774e+06
1.09053e+06
1.08883e+06
1.08479e+06
1.07928e+06
1.07276e+06
1.06545e+06
1.05727e+06
1.04772e+06
1.03618e+06
1.02216e+06
1.00624e+06
989463
971735
952872
932608
910614
886487
859704
829606
795885
760163
725062
689569
652303
610542
562185
504628
433878
343765
229462
119145
10113
958971
1.03138e+06
1.04839e+06
1.05317e+06
1.05344e+06
1.05137e+06
1.04785e+06
1.0433e+06
1.03796e+06
1.0318e+06
1.02446e+06
1.01543e+06
1.00431e+06
991498
977882
963368
947813
930977
912564
892226
869483
843770
814798
783912
753433
722475
689872
653258
610853
560368
498034
417377
308953
191123
70465.1
890924
967278
990659
1.0007e+06
1.00544e+06
1.00734e+06
1.00739e+06
1.00611e+06
1.00381e+06
1.0006e+06
996288
990558
983079
974056
964204
953492
941814
928995
914792
898896
880905
860350
836960
811775
786721
761031
733797
703074
667494
625288
573349
505954
412625
302285
183498
308423
365493
400481
430198
458896
488421
519489
552462
587565
626088
670810
724880
790297
863887
938149
1.00579e+06
1.05711e+06
1.09363e+06
1.12423e+06
1.15426e+06
1.18651e+06
1.22262e+06
1.26251e+06
1.30298e+06
1.33829e+06
1.36771e+06
1.39013e+06
1.40469e+06
1.40853e+06
1.39888e+06
1.3747e+06
1.33704e+06
1.29075e+06
1.22957e+06
1.11037e+06
344184
382772
405669
427130
450114
475614
503904
535085
569162
607216
652003
706812
773942
850095
926831
995821
1.04729e+06
1.08425e+06
1.11578e+06
1.14696e+06
1.18055e+06
1.21838e+06
1.26026e+06
1.30278e+06
1.34031e+06
1.37216e+06
1.39701e+06
1.41368e+06
1.4187e+06
1.40852e+06
1.38106e+06
1.33637e+06
1.27959e+06
1.20624e+06
1.07035e+06
292374
330228
354545
377875
402942
430674
461332
495015
531728
572606
620545
678989
750330
831059
911695
982703
1.03482e+06
1.07268e+06
1.10522e+06
1.13728e+06
1.1718e+06
1.21092e+06
1.25453e+06
1.29906e+06
1.33904e+06
1.37367e+06
1.40154e+06
1.42119e+06
1.42877e+06
1.42021e+06
1.3929e+06
1.34694e+06
1.28861e+06
1.21572e+06
1.08265e+06
257059
292519
316831
340875
367076
396280
428710
464439
503468
546971
598009
660190
735939
821267
905322
977258
1.02902e+06
1.06702e+06
1.09991e+06
1.1322e+06
1.16691e+06
1.20652e+06
1.25092e+06
1.29633e+06
1.33759e+06
1.37383e+06
1.40358e+06
1.42511e+06
1.43429e+06
1.42669e+06
1.39928e+06
1.35211e+06
1.29258e+06
1.22064e+06
1.09037e+06
210343
244455
269755
295507
323856
355569
390823
429666
472082
519320
574637
641843
723316
814313
902199
974942
1.02634e+06
1.06449e+06
1.09754e+06
1.12978e+06
1.16431e+06
1.20395e+06
1.24862e+06
1.29436e+06
1.33637e+06
1.37369e+06
1.40483e+06
1.42779e+06
1.43821e+06
1.43135e+06
1.40379e+06
1.35548e+06
1.29484e+06
1.22393e+06
1.09683e+06
165220
197803
223942
251322
281802
316069
354258
396396
442454
493760
553815
626638
714527
811631
903129
976163
1.02706e+06
1.06521e+06
1.09817e+06
1.13004e+06
1.16399e+06
1.20324e+06
1.24772e+06
1.29328e+06
1.33556e+06
1.3735e+06
1.4056e+06
1.42955e+06
1.44081e+06
1.43436e+06
1.40642e+06
1.35671e+06
1.29472e+06
1.22455e+06
1.10077e+06
116473
147991
175402
204862
237947
275268
316926
362937
413260
469325
534915
614281
709517
813183
907792
980534
1.03079e+06
1.0688e+06
1.10142e+06
1.13261e+06
1.16563e+06
1.20407e+06
1.24795e+06
1.29289e+06
1.33504e+06
1.37315e+06
1.40578e+06
1.43027e+06
1.4419e+06
1.43547e+06
1.4068e+06
1.35537e+06
1.29165e+06
1.2218e+06
1.10147e+06
66757
97459.6
126385
158207
194197
234913
280440
330792
385932
447404
519316
606168
709696
819953
916523
988158
1.03752e+06
1.07508e+06
1.10699e+06
1.13713e+06
1.16882e+06
1.20603e+06
1.24887e+06
1.29278e+06
1.33437e+06
1.37221e+06
1.40488e+06
1.42936e+06
1.4408e+06
1.43384e+06
1.40399e+06
1.3504e+06
1.2845e+06
1.21434e+06
1.09755e+06
14577.4
45992.1
76987.6
111649
150970
195535
245456
300771
361444
429161
508383
603871
716709
832869
929464
999008
1.04706e+06
1.0837e+06
1.1144e+06
1.14304e+06
1.17297e+06
1.20849e+06
1.24984e+06
1.2923e+06
1.33292e+06
1.37002e+06
1.40215e+06
1.42597e+06
1.43649e+06
1.4283e+06
1.39673e+06
1.34036e+06
1.27149e+06
1.20008e+06
1.08694e+06
40612.2
12056.7
30419.2
67751.4
110559
159280
214076
275018
342060
417011
504691
610009
732945
852824
946621
1.01296e+06
1.05905e+06
1.0941e+06
1.12299e+06
1.14959e+06
1.1773e+06
1.2107e+06
1.2501e+06
1.29065e+06
1.32976e+06
1.36565e+06
1.39662e+06
1.41904e+06
1.42784e+06
1.4175e+06
1.38314e+06
1.32285e+06
1.2499e+06
1.17613e+06
1.06602e+06
89505.9
58593
25233.4
28574.7
72818.8
126180
186912
254866
329867
413771
511560
627857
760806
879872
967665
1.02967e+06
1.07284e+06
1.10539e+06
1.13168e+06
1.15536e+06
1.18042e+06
1.21126e+06
1.24835e+06
1.28686e+06
1.32421e+06
1.35833e+06
1.38739e+06
1.40746e+06
1.41336e+06
1.39952e+06
1.36088e+06
1.29502e+06
1.21636e+06
1.13874e+06
1.0306e+06
129768
98928.6
61268.1
22741.8
42965.3
100944
169099
246147
331460
426762
536402
663360
802672
913078
991654
1.04721e+06
1.08693e+06
1.11615e+06
1.13902e+06
1.1593e+06
1.18114e+06
1.2091e+06
1.24374e+06
1.28007e+06
1.31534e+06
1.34717e+06
1.37344e+06
1.38996e+06
1.39145e+06
1.37231e+06
1.32731e+06
1.2535e+06
1.16676e+06
1.08317e+06
975435
166849
135756
94896.8
47083.7
20692
85281.4
165554
256603
356625
467916
590202
722737
850727
948669
1.0184e+06
1.06724e+06
1.10124e+06
1.12526e+06
1.14339e+06
1.15938e+06
1.17757e+06
1.20267e+06
1.23503e+06
1.26935e+06
1.3024e+06
1.3314e+06
1.35388e+06
1.36538e+06
1.36051e+06
1.33366e+06
1.27944e+06
1.19427e+06
1.09588e+06
1.00325e+06
893438
191109
158022
112097
55649.3
16299.4
101900
203618
314334
429266
548198
672414
797873
910128
992111
1.04917e+06
1.0877e+06
1.11304e+06
1.12974e+06
1.14176e+06
1.15283e+06
1.16741e+06
1.19031e+06
1.22124e+06
1.25417e+06
1.28509e+06
1.31071e+06
1.32816e+06
1.33274e+06
1.31897e+06
1.28116e+06
1.2137e+06
1.112e+06
996115
889291
772960
213611
176128
120808
47573.2
50482
167594
295088
424000
547486
666114
780373
886737
975507
1.03705e+06
1.07749e+06
1.10237e+06
1.11658e+06
1.12445e+06
1.12983e+06
1.1363e+06
1.14852e+06
1.1712e+06
1.20264e+06
1.23559e+06
1.26485e+06
1.28658e+06
1.2976e+06
1.29305e+06
1.26733e+06
1.21461e+06
1.12871e+06
1.00314e+06
860189
730086
598547
226660
179151
103796
9970.49
149506
304170
453789
588566
704813
807190
897767
975174
1.03389e+06
1.07011e+06
1.09e+06
1.09869e+06
1.10077e+06
1.1003e+06
1.10077e+06
1.10534e+06
1.11896e+06
1.14593e+06
1.18168e+06
1.21742e+06
1.24623e+06
1.26409e+06
1.26786e+06
1.25277e+06
1.21315e+06
1.14291e+06
1.03503e+06
879786
699896
538209
384622
250042
188049
82979.5
82263.6
262066
431367
578410
701119
801233
885487
956380
1.01304e+06
1.05162e+06
1.07118e+06
1.07778e+06
1.07634e+06
1.07121e+06
1.06629e+06
1.06471e+06
1.06941e+06
1.08602e+06
1.11846e+06
1.1594e+06
1.19941e+06
1.2293e+06
1.24532e+06
1.24471e+06
1.22287e+06
1.17389e+06
1.09122e+06
966599
785005
560525
354637
165691
246874
156588
31195.7
238701
427264
583840
710275
810701
889251
952329
1.00187e+06
1.03702e+06
1.05532e+06
1.05845e+06
1.05231e+06
1.04159e+06
1.03031e+06
1.02201e+06
1.01937e+06
1.02507e+06
1.04568e+06
1.08445e+06
1.13114e+06
1.17695e+06
1.20988e+06
1.22742e+06
1.22739e+06
1.20575e+06
1.15652e+06
1.07305e+06
946808
759993
505484
253855
42774.2
386090
144184
219194
448730
618793
745542
841061
912599
964982
1.00345e+06
1.0293e+06
1.0418e+06
1.03995e+06
1.02761e+06
1.0102e+06
991924
976096
965656
962680
969408
993614
1.03767e+06
1.0891e+06
1.14157e+06
1.18013e+06
1.20367e+06
1.21046e+06
1.19725e+06
1.15829e+06
1.08712e+06
975703
809067
554689
223791
291212
206019
475350
626529
745934
836285
902449
949915
982159
1.00172e+06
1.01125e+06
1.01101e+06
1.00026e+06
979298
953438
926891
902799
883402
870681
866060
871102
896017
944096
1.0004e+06
1.05712e+06
1.10366e+06
1.13807e+06
1.15905e+06
1.16479e+06
1.15069e+06
1.11154e+06
1.04256e+06
939373
794426
643120
510774
508515
512736
517876
522726
527530
532147
536560
540721
544608
548180
551407
554267
556722
558749
560326
561428
562045
562166
561786
560918
559551
557703
555375
552588
549357
545704
541645
537197
532378
527192
521617
515604
509193
502459
494335
601778
605109
609739
613934
618076
622042
625822
629379
632693
635725
638456
640861
642905
644572
645838
646690
647115
647102
646660
645795
644498
642784
640669
638163
635299
632096
628577
624769
620691
417852
389346
362644
337633
314164
292047
271178
252334
227555
1.17697e+06
1.1675e+06
1.1438e+06
1.11297e+06
1.07738e+06
1.03892e+06
998488
956618
913672
869940
825715
781315
737063
693298
650343
608507
568054
529215
492168
457041
423904
392775
363618
336335
310781
286762
264076
242416
223287
197263
1.17272e+06
1.163e+06
1.13902e+06
1.10791e+06
1.07193e+06
1.03294e+06
991822
949122
905205
860391
814983
769319
723752
678640
634336
591163
549420
509346
471142
434947
400845
368861
338958
311031
284923
260405
237317
215152
196239
169846
1.16873e+06
1.1588e+06
1.13462e+06
1.10334e+06
1.06709e+06
1.02771e+06
986052
942671
897937
852173
805703
758869
712046
665613
619943
575386
532255
490823
451310
413878
378633
345618
314812
286122
259402
234406
211055
188627
170316
144215
1.16474e+06
1.15465e+06
1.13037e+06
1.09904e+06
1.06266e+06
1.02304e+06
981014
937135
891767
845233
797862
750006
702051
654386
607403
561469
516922
474061
433128
394316
357759
323536
291660
262070
234665
209189
185676
163131
145570
119984
1.16053e+06
1.15033e+06
1.12608e+06
1.09483e+06
1.05848e+06
1.01881e+06
976610
932442
886657
839579
791531
742869
693975
645250
597090
549885
503986
459707
417325
377057
339076
303503
270407
239784
211607
185630
162014
139403
122515
97333.9
1.15563e+06
1.14542e+06
1.12134e+06
1.09033e+06
1.05419e+06
1.01466e+06
972514
928299
882354
834999
786544
737345
687776
638236
589130
540843
493748
448175
404413
362714
323286
286295
251881
220113
191081
164568
140900
118258
101878
76719.9
1.14892e+06
1.13888e+06
1.11519e+06
1.08464e+06
1.04893e+06
1.00978e+06
967941
923954
878151
830828
782294
732888
682971
632940
583193
534115
486082
439430
394474
351477
310680
272298
236537
203557
173597
146508
122883
100366
84532.8
58845.3
1.13682e+06
1.12753e+06
1.10477e+06
1.07513e+06
1.04027e+06
1.0019e+06
960771
917422
872169
825312
777136
727973
678169
628105
578169
528751
480212
432901
387124
343167
301289
261733
224765
190619
159720
131995
108548
86430.1
71839.1
44870
1.10441e+06
1.09799e+06
1.07805e+06
1.05081e+06
1.01801e+06
981447
941922
899976
855965
810184
762929
714521
665311
615681
566013
516694
468090
420546
374383
329892
287348
247018
209218
174246
142738
114722
92194.9
71742.6
61746.8
35748.1
976694
979134
968973
951107
926995
898490
866415
831352
793658
753663
711672
668029
623109
577308
531028
484672
438634
393272
348922
305888
264459
224914
187596
152801
121393
93145.9
71828.8
52126.5
48760.2
41216.2
193109
221739
249355
272948
294175
312658
328800
342641
354322
363912
371479
377071
380722
382449
382270
380172
376152
370185
362244
352286
340264
326120
309790
291204
270299
247004
221373
193080
163610
129083
101919
57335.8
57561.4
115441
146429
185183
214344
242400
266194
287553
306088
322243
336062
347701
357232
364727
370236
373794
375419
375130
372917
368776
362683
354608
344506
332328
318010
301482
282668
261492
237862
211832
182935
152899
116857
89175.2
40733
43343.8
108582
140245
180144
209716
238108
262055
283509
302077
318234
332030
343627
353100
360527
365956
369424
370949
370550
368225
363969
357761
349568
339347
327043
312595
295927
276961
255614
231781
205520
176263
145939
108820
81172.5
26765.1
37927.2
105935
137303
177679
207565
236237
260360
281946
300600
316816
330646
342259
351735
359150
364556
367989
369468
369007
366615
362287
356001
347726
337418
325024
310480
293713
274644
253191
229248
202889
173509
143219
105894
79335.4
22154.1
483033
463210
444927
424151
402278
379026
354693
329441
303512
277174
250750
224619
199226
175079
152731
132758
115713
102061
92130.9
86032.9
83852.2
85053.2
90428
102400
125767
167147
229597
311344
459230
718866
580223
559675
540639
519097
496372
472273
447071
420925
394071
366771
339339
312156
285667
260388
236901
215833
197834
183535
173531
168355
168649
174920
188891
211407
246188
297419
366324
451208
589066
804479
672873
652769
634281
613141
590685
566782
541663
515481
488452
460817
432892
405045
377730
351482
326922
304754
285743
270712
260528
256120
258624
269302
290497
321648
364871
422340
493656
576844
701835
880834
775980
757637
741234
722302
702022
680244
657129
632791
607390
581133
554287
527210
500338
474224
449536
427065
407728
392570
382760
379608
384601
399251
425188
461358
507575
564737
632208
709366
821244
970274
866928
853201
841152
827083
811754
795003
776875
757389
736618
714685
691767
668141
644190
620419
597491
576239
557660
542935
533382
530406
535415
549584
573520
608271
651502
703858
765024
835498
935705
1.06024e+06
918632
911368
904797
897051
888349
878557
867603
855436
842025
827365
811520
794613
776879
758685
740553
723197
707551
694727
686001
682713
686105
697165
716338
746639
784871
831198
885428
948504
1.03653e+06
1.1391e+06
934257
933448
932021
930365
928168
925389
921911
917637
912479
906362
899234
891074
881941
871974
861458
850851
840804
832203
826124
823759
826301
834799
850054
872467
904872
944662
991565
1.04666e+06
1.12241e+06
1.20569e+06
924769
929308
931911
935130
938197
941198
944008
946554
948740
950471
951654
952189
952012
951086
949449
947254
944800
942579
941315
941899
945355
952717
964956
982691
1.00878e+06
1.04226e+06
1.08207e+06
1.12937e+06
1.19371e+06
1.26063e+06
900594
909169
914683
921469
928393
935671
943191
950907
958758
966671
974561
982328
989859
997045
1.00378e+06
1.00999e+06
1.01567e+06
1.02097e+06
1.02617e+06
1.0318e+06
1.03856e+06
1.04735e+06
1.05914e+06
1.07488e+06
1.09513e+06
1.12319e+06
1.15684e+06
1.19723e+06
1.25156e+06
1.30485e+06
868749
880244
887808
897154
906824
917162
928052
939487
951439
963865
976713
989911
1.00337e+06
1.01697e+06
1.03056e+06
1.04398e+06
1.05707e+06
1.0697e+06
1.08184e+06
1.09358e+06
1.10526e+06
1.11741e+06
1.1308e+06
1.14638e+06
1.16503e+06
1.18833e+06
1.21713e+06
1.25178e+06
1.29755e+06
1.33937e+06
832638
846303
855409
866662
878374
890969
904332
918494
933435
949135
965582
982727
1.00051e+06
1.01885e+06
1.03762e+06
1.05666e+06
1.07576e+06
1.09469e+06
1.11323e+06
1.13122e+06
1.14861e+06
1.16556e+06
1.18247e+06
1.19999e+06
1.21896e+06
1.24009e+06
1.26531e+06
1.29524e+06
1.33344e+06
1.36506e+06
791424
806862
817217
830059
843465
857938
873355
889756
907130
925484
944794
965042
986189
1.00816e+06
1.03088e+06
1.05419e+06
1.07791e+06
1.10181e+06
1.1256e+06
1.14901e+06
1.17177e+06
1.19375e+06
1.215e+06
1.23579e+06
1.25668e+06
1.27827e+06
1.30092e+06
1.32722e+06
1.35892e+06
1.38167e+06
743789
760950
772413
786668
801557
817682
834913
853299
872838
893530
915356
938290
962291
987288
1.01319e+06
1.03987e+06
1.06716e+06
1.09482e+06
1.1226e+06
1.15017e+06
1.17722e+06
1.20346e+06
1.22873e+06
1.25302e+06
1.27654e+06
1.29963e+06
1.32239e+06
1.34629e+06
1.37268e+06
1.3881e+06
688089
706827
719073
734503
750633
768181
787004
807177
828705
851584
875797
901314
928066
955973
984911
1.01473e+06
1.04524e+06
1.07618e+06
1.10729e+06
1.13825e+06
1.1687e+06
1.19833e+06
1.22688e+06
1.25419e+06
1.28028e+06
1.30522e+06
1.32902e+06
1.3521e+06
1.37484e+06
1.38519e+06
631179
650924
663524
679679
696577
715062
734975
756423
779419
803987
830123
857798
886951
917485
949254
982065
1.01567e+06
1.04977e+06
1.08403e+06
1.11808e+06
1.15155e+06
1.18407e+06
1.21536e+06
1.24521e+06
1.27353e+06
1.30021e+06
1.32515e+06
1.34857e+06
1.3691e+06
1.37637e+06
577723
598011
610684
627193
644437
663379
683846
705976
729806
755384
782741
811876
842764
875320
909418
944851
981338
1.01852e+06
1.05598e+06
1.09325e+06
1.12983e+06
1.16529e+06
1.19925e+06
1.23148e+06
1.26182e+06
1.29011e+06
1.31615e+06
1.33999e+06
1.3593e+06
1.36481e+06
528087
548709
561297
577961
595298
614400
635050
657424
681564
707560
735466
765328
797166
830956
866618
903988
942816
982738
1.02329e+06
1.06389e+06
1.10394e+06
1.14281e+06
1.17996e+06
1.21499e+06
1.24764e+06
1.27769e+06
1.30489e+06
1.32914e+06
1.34787e+06
1.35235e+06
481939
502885
515356
532146
549492
568631
589289
611660
635797
661795
689751
719740
751824
786044
822379
860745
900965
942753
985678
1.02919e+06
1.07259e+06
1.11514e+06
1.15607e+06
1.19472e+06
1.23057e+06
1.26316e+06
1.29213e+06
1.31718e+06
1.33566e+06
1.33955e+06
438693
460113
472517
489521
506924
526127
546767
569066
593067
618883
646609
676359
708224
742280
778567
817060
857666
900185
944283
989504
1.03523e+06
1.08072e+06
1.12513e+06
1.16762e+06
1.20735e+06
1.24353e+06
1.27542e+06
1.3023e+06
1.32134e+06
1.32511e+06
397713
419852
432301
449695
467282
486664
507377
529660
553540
579143
606568
635945
667380
700978
736812
774895
815190
857553
901738
947369
993937
1.04079e+06
1.08718e+06
1.13224e+06
1.1751e+06
1.21471e+06
1.25e+06
1.27969e+06
1.30051e+06
1.30504e+06
358226
381408
394037
412041
429979
449712
470640
493035
516903
542372
569552
598578
629570
662654
697911
735390
775069
816840
860511
905751
952117
999036
1.04582e+06
1.09171e+06
1.13583e+06
1.17716e+06
1.21454e+06
1.24639e+06
1.26914e+06
1.27524e+06
319526
344117
357036
375890
394351
414625
435935
458603
482610
508094
535164
563966
594630
627287
662030
698915
737941
779017
821972
866509
912222
958578
1.00493e+06
1.05057e+06
1.09464e+06
1.13618e+06
1.17399e+06
1.20642e+06
1.22983e+06
1.23704e+06
280705
307209
320518
340450
359574
380552
402393
425497
449811
475489
502642
531416
561951
594374
628785
665248
703758
744240
786524
830337
875292
920880
966493
1.01143e+06
1.05486e+06
1.09583e+06
1.13312e+06
1.16502e+06
1.18791e+06
1.19546e+06
241687
270202
283674
304770
324585
346372
368861
392561
417376
443479
470978
500017
530738
563257
597677
634049
672373
712571
754475
797827
842244
887244
932233
976524
1.01931e+06
1.05961e+06
1.09623e+06
1.12739e+06
1.14946e+06
1.15673e+06
207129
237266
250775
272859
293190
315658
338708
362978
388324
414943
442926
472419
503541
536410
571107
607673
646097
686293
728100
771247
815372
859997
904547
948338
990572
1.03027e+06
1.0662e+06
1.09656e+06
1.11767e+06
1.12431e+06
177952
209155
222547
245311
265890
288796
312213
336915
362711
389819
418311
448323
479958
513307
548434
585368
624072
664452
706336
749460
793459
837863
882108
925517
967295
1.00647e+06
1.04179e+06
1.0714e+06
1.09159e+06
1.09751e+06
152679
184492
197603
220745
241296
264384
287954
312922
339054
366588
395573
426132
458338
492264
527938
565366
604488
645200
687307
730544
774545
818855
862907
906039
947460
986192
1.02098e+06
1.04993e+06
1.06929e+06
1.07456e+06
129704
161844
174468
197674
217895
240885
264366
289413
315741
343615
373058
404173
437004
471590
507923
545979
585666
626848
669328
712821
756964
801297
845268
888224
929381
967759
1.0021e+06
1.03047e+06
1.04913e+06
1.05387e+06
107559
139828
151610
174509
194025
216584
239691
264591
290952
319068
348929
380624
414154
449520
486674
525544
565999
607880
650946
694912
739397
783952
828020
870968
912014
950185
984229
1.01219e+06
1.03032e+06
1.03474e+06
86172.9
118350
128767
150869
169185
190886
213237
237682
263826
292006
322177
354413
388672
424913
463037
502919
544382
587215
631147
675865
720973
766017
810448
853634
894806
933005
966981
994773
1.01264e+06
1.01703e+06
66018.3
97663.4
106089
126757
143280
163608
184707
208271
233808
261728
291945
324531
359407
396493
435638
476656
519320
563358
608459
654257
700345
746238
791391
835171
876819
915389
949641
977616
995595
1.00038e+06
47993.9
78174.9
83534.1
102061
115999
134315
153493
175566
199896
227008
256774
289288
324444
362135
402169
444310
488269
533713
580272
627531
675029
722259
768651
813557
856225
895702
930770
959471
978130
983882
34061.9
59951
62215
77534.8
88318.5
104130
120687
140649
163008
188541
217026
248637
283248
320769
360989
403653
448441
494982
542859
591604
640712
689632
737751
784402
828806
870000
906761
937128
957449
965200
28701.7
44349.1
40403.6
52771.9
58992.4
71666.2
84486.9
101197
120249
142759
168411
197491
229890
265567
304338
345978
390182
436593
484790
534307
584629
635180
685336
734401
781569
825847
865987
899960
924080
936108
32370.6
16692.2
16299.4
23814.8
24655.7
34177.7
41505.8
53822
67549.3
84961.6
105261
129031
156106
186533
220162
256825
296277
338233
382358
428278
475585
523822
572497
621067
668884
715134
758761
797950
829161
850931
1.15976e+06
895813
814783
743902
687106
636819
592300
552748
517963
487842
462326
441177
424241
411317
402162
396490
393982
394300
397095
402021
408745
416946
426322
436590
447484
458746
470095
481326
492370
502040
1.18141e+06
966906
885711
812846
753887
702183
656968
617391
583136
553924
529395
509408
493717
482054
474130
469636
468250
469643
473484
479447
487220
496503
507007
518469
530635
543265
556081
568884
581633
593414
1.16954e+06
996142
918699
848003
790544
740463
697054
659518
627440
600418
578247
560654
547342
537985
532242
529763
530207
533226
538495
545693
554522
564697
575959
588063
600778
613891
627162
640436
653824
666607
1.15446e+06
1.0165e+06
945040
878548
824290
777292
736966
702395
673134
648922
629469
614470
603593
596500
592838
592265
594430
599010
605682
614150
624138
635378
647632
660670
674287
688290
702469
716705
731266
745549
1.14638e+06
1.03587e+06
970771
909113
858524
814927
777677
745880
719265
697510
680314
667376
658368
652962
650835
651647
655080
660821
668577
678065
689020
701209
714397
728380
742970
757991
773256
788679
804551
820216
1.14596e+06
1.05548e+06
996184
939194
892116
851709
817123
787838
763506
743809
728450
717128
709539
705372
704315
706047
710266
716663
724949
734850
746098
758441
771651
785502
799793
814337
828946
843507
858171
872300
1.15098e+06
1.07576e+06
1.02172e+06
969107
925352
887637
855451
828307
805861
787797
773816
763632
756945
753459
752853
754824
759052
765236
773070
782265
792538
803620
815265
827231
839301
851276
862967
874238
885033
894895
1.15974e+06
1.09645e+06
1.04716e+06
998552
957807
922412
892250
866823
845790
828834
815669
806004
799555
796005
795057
796386
799676
804606
810872
818169
826209
834722
843453
852167
860660
868742
876259
883093
889005
893828
1.17084e+06
1.11714e+06
1.0721e+06
1.02707e+06
988917
955479
926899
902689
882525
866100
853122
843315
836381
832025
829928
829783
831266
834059
837862
842375
847322
852449
857524
862336
866715
870511
873633
875986
877212
877446
1.18314e+06
1.13746e+06
1.09626e+06
1.05446e+06
1.0184e+06
986516
959055
935557
915721
899242
885847
875253
867178
861324
857398
855080
854077
854081
854806
855979
857359
858719
859871
860645
860917
860592
859643
858018
855292
851839
1.19604e+06
1.15757e+06
1.12005e+06
1.08128e+06
1.0469e+06
1.01622e+06
989451
966186
946145
929044
914620
902594
892699
884659
878196
873020
868862
865457
862550
859923
857372
854725
851853
848644
845035
840985
836539
831701
826000
819963
1.20898e+06
1.17732e+06
1.14331e+06
1.10727e+06
1.07423e+06
1.04429e+06
1.01764e+06
993994
973094
954678
938503
924316
911868
900922
891226
882551
874671
867365
860451
853760
847155
840531
833806
826946
819927
812763
805546
798317
790532
782765
1.22093e+06
1.19554e+06
1.16482e+06
1.13109e+06
1.09897e+06
1.06922e+06
1.0421e+06
1.01741e+06
994964
974517
955854
938763
923044
908508
894969
882258
870215
858697
847594
836802
826255
815903
805725
795733
785932
776360
767125
758263
749118
740163
1.22986e+06
1.20944e+06
1.18126e+06
1.14921e+06
1.1176e+06
1.08762e+06
1.05962e+06
1.0335e+06
1.00913e+06
986308
964866
944643
925494
907297
889934
873312
857339
841950
827091
812715
798803
785343
772339
759807
747747
736171
725144
714672
703936
693236
1.23481e+06
1.21801e+06
1.19178e+06
1.16093e+06
1.12962e+06
1.09924e+06
1.07023e+06
1.04261e+06
1.01628e+06
991104
966960
943751
921394
899829
879016
858924
839529
820816
802770
785391
768676
752624
737232
722495
708394
694891
682019
669769
657230
644549
1.23627e+06
1.22218e+06
1.19746e+06
1.16756e+06
1.1364e+06
1.10553e+06
1.07546e+06
1.04633e+06
1.01808e+06
990644
963944
937945
912629
888008
864095
840924
818516
796894
776087
756102
736939
718602
701072
684329
668336
653036
638451
624610
610584
596312
1.23494e+06
1.22293e+06
1.19941e+06
1.17022e+06
1.13907e+06
1.10762e+06
1.07649e+06
1.04588e+06
1.01578e+06
986194
957100
928515
900481
873072
846358
820414
795311
771101
747827
725508
704153
683755
664288
645731
628036
611158
595117
580018
564916
549460
1.23133e+06
1.22092e+06
1.1983e+06
1.16959e+06
1.13835e+06
1.10629e+06
1.07412e+06
1.04207e+06
1.01024e+06
978637
947312
916337
885813
855855
826592
798133
770589
744033
718526
694095
670755
648497
627296
607128
587967
569761
552544
536473
520624
504264
1.22589e+06
1.21662e+06
1.19461e+06
1.16619e+06
1.13475e+06
1.10206e+06
1.06887e+06
1.03548e+06
1.00201e+06
968550
935177
902011
869205
836923
805331
774587
744819
716133
688598
662261
637132
613212
590483
568925
548517
529216
511051
494229
477857
460734
1.21908e+06
1.21051e+06
1.18881e+06
1.16046e+06
1.1287e+06
1.09533e+06
1.06114e+06
1.02648e+06
991503
956322
921067
885904
851016
816615
782906
750075
718285
687659
658289
630230
603506
578119
554061
531310
509850
489646
470710
453281
436548
418731
1.21138e+06
1.20311e+06
1.18143e+06
1.15291e+06
1.12067e+06
1.08654e+06
1.05133e+06
1.01542e+06
979008
942234
905255
868267
831487
795158
759518
724788
691157
658770
627739
598134
569988
543317
518106
494336
471990
451032
431449
413508
396515
377993
1.20324e+06
1.19497e+06
1.17304e+06
1.14414e+06
1.11125e+06
1.07624e+06
1.03993e+06
1.00276e+06
964944
926652
888056
849378
810864
772775
735377
698917
663607
629619
597086
566088
536680
508872
482656
458008
434902
413294
393144
374727
357546
338217
1.19515e+06
1.18663e+06
1.16423e+06
1.1348e+06
1.10114e+06
1.06514e+06
1.02766e+06
989179
949936
910143
869994
829725
789596
749890
710886
672846
636010
600564
566664
534407
503856
475028
447913
422478
398680
376467
355764
336818
319437
298942
1.18783e+06
1.17898e+06
1.15609e+06
1.12611e+06
1.0917e+06
1.05475e+06
1.01616e+06
976418
935831
894637
853063
811365
769821
728725
688361
649009
610910
574269
539254
505967
474482
444818
416958
390847
366411
343557
322146
302282
284170
261494
1.18187e+06
1.17269e+06
1.14935e+06
1.1189e+06
1.08383e+06
1.04605e+06
1.00646e+06
965583
923752
881236
838304
795236
752335
709913
668273
627700
588448
550734
514722
480535
448238
)
;

boundaryField
{
    front
    {
        type            wedge;
    }
    back
    {
        type            wedge;
    }
    bottomwall
    {
        type            zeroGradient;
    }
    topwall
    {
        type            zeroGradient;
    }
    reflector
    {
        type            zeroGradient;
    }
    hx
    {
        type            zeroGradient;
    }
}


// ************************************************************************* //
